18 436429 12
99041 57990 0 0
176021 125825 0 2
11 1 3 4 5 7 8 10 11 13 14 16
1 6
67364 3624 0 0
182260 65481 0 0
61843 18696 0 3
8 3 4 6 7 9 10 13 18
5 3 4 6 10 13
11 1 3 4 6 7 8 9 10 13 16 18
188718 138139 0 3
3 3 8 13
3 7 8 9
4 4 10 13 18
93450 43781 0 0
50840 22340 0 0
77403 7684 0 0
160348 29432 0 0
122986 116522 0 3
7 4 5 6 7 8 17 18
5 1 3 6 9 10
5 1 8 10 13 18
192731 37190 0 3
2 11 18
15 1 2 3 5 7 8 9 10 11 13 14 15 16 17 18
12 1 3 4 6 7 8 10 11 13 14 17 18
128464 91917 0 0
124277 2347 0 1
12 3 4 5 6 8 9 10 11 13 16 17 18
55029 35842 0 1
8 1 2 6 7 8 11 17 18
105597 30097 0 2
2 1 7
2 10 13
167655 147562 0 1
7 3 6 7 8 9 10 13
51725 38556 0 0
