17 429052 10
37184 14534 0 1
11 2 3 4 5 6 8 9 11 12 14 15
63181 45497 0 2
3 6 8 13
4 3 6 11 13
87797 32076 0 0
173534 121738 0 3
3 11 13 14
6 3 6 8 11 13 14
3 9 11 13
14108 839 0 2
5 6 8 11 12 13
10 2 3 4 6 8 9 11 12 13 14
187086 93197 0 0
134907 106594 0 1
8 1 3 4 6 9 13 14 15
205571 1917 0 0
204943 18070 0 3
2 12 14
6 3 6 8 11 12 14
6 2 3 6 8 11 14
38080 33209 0 2
5 2 5 7 8 17
4 2 3 5 9
87128 57744 0 1
1 13
119392 86700 0 0
73972 513 0 0
12518 1431 0 2
3 3 11 12
3 3 12 13
68306 15888 0 1
7 2 3 5 6 9 11 14
93110 50600 0 2
2 7 12
7 1 4 6 7 11 12 14
197530 182823 0 3
8 4 7 8 9 11 13 14 16
8 2 3 4 6 7 9 15 16
10 3 6 7 8 9 12 13 14 15 16
