15 151110 13
55333 35967 0 2
2 4 14
5 4 7 9 12 14
2821 505 0 2
4 3 6 11 12
1 11
52647 153 0 0
34256 1223 0 1
4 3 7 9 12
46404 14602 0 3
2 2 12
8 1 2 7 8 9 10 11 14
13 1 2 3 4 6 7 8 9 10 11 12 14 15
62576 2196 0 2
3 9 12 14
4 3 4 12 14
28111 17066 0 0
71498 36258 0 3
12 1 2 3 4 6 7 9 10 11 12 14 15
3 3 14 15
5 2 6 10 14 15
26113 1361 0 0
5000 2409 0 1
11 1 2 3 4 6 7 9 11 12 14 15
62248 48176 0 1
5 1 3 4 7 12
69201 58953 0 3
3 3 9 14
4 3 7 9 14
1 9
14937 8313 0 2
4 3 5 6 14
10 3 6 7 8 9 10 11 12 14 15
60744 1241 0 0
46379 5675 0 1
3 2 4 11
