17 904309 15
451750 112485 1 2
1 17
2 12 17
320580 103053 1 2
6 1 3 5 8 12 17
4 1 5 8 17
262742 233659 1 1
3 5 12 17
352681 334133 1 2
1 6
7 1 2 5 6 8 12 17
14559 10469 1 3
2 1 17
1 12
2 12 17
362637 344578 1 2
1 12
7 1 2 3 5 8 12 17
312006 179025 1 3
9 1 2 4 6 8 10 12 16 17
6 4 6 10 12 16 17
7 1 2 3 4 5 6 10
39255 35076 1 1
1 12
53960 34398 1 2
7 3 4 6 10 12 16 17
9 1 2 4 6 7 8 10 13 16
161516 1205 1 2
5 1 2 3 5 8
7 2 3 5 6 8 12 17
139236 62208 1 2
3 4 7 14
8 3 4 6 9 10 12 13 16
117067 2934 1 0
450422 253691 1 2
7 1 2 4 5 6 8 17
6 2 3 4 6 8 12
295135 45535 1 2
5 2 3 8 10 12
3 4 5 16
269861 100733 1 2
9 1 3 4 5 10 11 12 16 17
6 4 8 9 10 12 16
117384 47679 1 3
9 1 2 3 4 5 6 12 13 17
2 6 12
8 3 4 5 6 10 12 13 17
13217 622 1 0
