18 828146 18
500000 499000 1 0
100000 99969 0 0
301 1 0 0
292000 291908 0 0
2 1 0 3
2 1 2
1 3
1 4
2 1 0 3
3 5 1 2
2 5 3
2 5 4
2 1 0 3
4 5 6 1 2
3 5 6 3
3 5 6 4
2 1 0 3
5 5 6 7 1 2
4 5 6 7 3
4 5 6 7 4
2 1 0 3
6 5 6 7 8 1 2
5 5 6 7 8 3
5 5 6 7 8 4
2 1 0 3
7 5 6 7 8 9 1 2
6 5 6 7 8 9 3
6 5 6 7 8 9 4
2 1 0 3
8 5 6 7 8 9 10 1 2
7 5 6 7 8 9 10 3
7 5 6 7 8 9 10 4
2 1 0 3
9 5 6 7 8 9 10 11 1 2
8 5 6 7 8 9 10 11 3
8 5 6 7 8 9 10 11 4
2 1 0 3
10 5 6 7 8 9 10 11 12 1 2
9 5 6 7 8 9 10 11 12 3
9 5 6 7 8 9 10 11 12 4
2 1 0 3
11 5 6 7 8 9 10 11 12 13 1 2
10 5 6 7 8 9 10 11 12 13 3
10 5 6 7 8 9 10 11 12 13 4
2 1 0 3
12 5 6 7 8 9 10 11 12 13 14 1 2
11 5 6 7 8 9 10 11 12 13 14 3
11 5 6 7 8 9 10 11 12 13 14 4
2 1 0 3
13 5 6 7 8 9 10 11 12 13 14 15 1 2
12 5 6 7 8 9 10 11 12 13 14 15 3
12 5 6 7 8 9 10 11 12 13 14 15 4
2 1 0 3
14 5 6 7 8 9 10 11 12 13 14 15 16 1 2
13 5 6 7 8 9 10 11 12 13 14 15 16 3
13 5 6 7 8 9 10 11 12 13 14 15 16 4
500000 1 0 3
15 5 6 7 8 9 10 11 12 13 14 15 16 17 1 2
14 5 6 7 8 9 10 11 12 13 14 15 16 17 3
14 5 6 7 8 9 10 11 12 13 14 15 16 17 4
