18 932733 18
450000 449999 1 0
400000 399999 1 0
300000 299999 0 1
1 2
475000 474725 0 0
62500 62499 0 2
2 1 3
1 4
31250 31249 0 2
3 5 1 3
2 5 4
15625 15624 0 2
4 5 6 1 3
3 5 6 4
7812 7811 0 2
5 5 6 7 1 3
4 5 6 7 4
3906 3905 0 2
6 5 6 7 8 1 3
5 5 6 7 8 4
1953 1952 0 2
7 5 6 7 8 9 1 3
6 5 6 7 8 9 4
976 975 0 2
8 5 6 7 8 9 10 1 3
7 5 6 7 8 9 10 4
488 487 0 2
9 5 6 7 8 9 10 11 1 3
8 5 6 7 8 9 10 11 4
244 243 0 2
10 5 6 7 8 9 10 11 12 1 3
9 5 6 7 8 9 10 11 12 4
122 121 0 2
11 5 6 7 8 9 10 11 12 13 1 3
10 5 6 7 8 9 10 11 12 13 4
61 60 0 2
12 5 6 7 8 9 10 11 12 13 14 1 3
11 5 6 7 8 9 10 11 12 13 14 4
30 29 0 2
13 5 6 7 8 9 10 11 12 13 14 15 1 3
12 5 6 7 8 9 10 11 12 13 14 15 4
15 14 0 2
14 5 6 7 8 9 10 11 12 13 14 15 16 1 3
13 5 6 7 8 9 10 11 12 13 14 15 16 4
300000 6 0 2
15 5 6 7 8 9 10 11 12 13 14 15 16 17 1 3
14 5 6 7 8 9 10 11 12 13 14 15 16 17 4
