18 1000000 16
2 1 0 2
1 17
1 18
2 1 0 2
2 1 17
2 1 18
2 1 0 2
3 1 2 17
3 1 2 18
2 1 0 2
4 1 2 3 17
4 1 2 3 18
2 1 0 2
5 1 2 3 4 17
5 1 2 3 4 18
2 1 0 2
6 1 2 3 4 5 17
6 1 2 3 4 5 18
2 1 0 2
7 1 2 3 4 5 6 17
7 1 2 3 4 5 6 18
2 1 0 2
8 1 2 3 4 5 6 7 17
8 1 2 3 4 5 6 7 18
2 1 0 2
9 1 2 3 4 5 6 7 8 17
9 1 2 3 4 5 6 7 8 18
2 1 0 2
10 1 2 3 4 5 6 7 8 9 17
10 1 2 3 4 5 6 7 8 9 18
2 1 0 2
11 1 2 3 4 5 6 7 8 9 10 17
11 1 2 3 4 5 6 7 8 9 10 18
2 1 0 2
12 1 2 3 4 5 6 7 8 9 10 11 17
12 1 2 3 4 5 6 7 8 9 10 11 18
2 1 0 2
13 1 2 3 4 5 6 7 8 9 10 11 12 17
13 1 2 3 4 5 6 7 8 9 10 11 12 18
2 1 0 2
14 1 2 3 4 5 6 7 8 9 10 11 12 13 17
14 1 2 3 4 5 6 7 8 9 10 11 12 13 18
2 1 0 2
15 1 2 3 4 5 6 7 8 9 10 11 12 13 14 17
15 1 2 3 4 5 6 7 8 9 10 11 12 13 14 18
934448 1 0 2
16 1 2 3 4 5 6 7 8 9 10 11 12 13 14 15 17
16 1 2 3 4 5 6 7 8 9 10 11 12 13 14 15 18
3 1 0 0
500000 499999 0 0
