93 98
-53 0
-52 -10
-51 -19
-50 -27
-49 -34
-48 -40
-47 -45
-46 -49
-45 -52
-44 -54
-42 -57
-39 -61
-38 -62
-34 -65
-31 -67
-29 -68
-26 -69
-22 -70
-17 -71
-11 -72
-4 -73
4 -74
13 -75
23 -76
24 -76
34 -75
43 -74
51 -73
58 -72
64 -71
69 -70
73 -69
76 -68
78 -67
81 -65
85 -62
86 -61
89 -57
91 -54
92 -52
93 -49
94 -45
95 -40
96 -34
97 -27
98 -19
99 -10
100 0
100 1
99 11
98 20
97 28
96 35
95 41
94 46
93 50
92 53
91 55
89 58
86 62
85 63
81 66
78 68
76 69
73 70
69 71
64 72
58 73
51 74
43 75
34 76
24 77
23 77
4 75
-4 74
-11 73
-17 72
-22 71
-26 70
-29 69
-31 68
-34 66
-38 63
-39 62
-42 58
-44 55
-45 53
-48 41
-49 35
-50 28
-51 20
-52 11
-53 1
16
34
93
35
17
100
30
7
99
82
32
73
71
94
43
69
50
12
6
55
98
62
43
49
65
23
64
88
30
67
72
19
75
39
60
20
87
69
20
5
4
89
59
60
98
91
67
68
18
39
92
62
29
82
64
55
62
1
81
50
13
42
58
53
89
18
48
25
60
17
83
49
5
17
74
85
99
4
96
60
72
57
45
35
15
13
35
38
31
71
31
49
39
7
78
13
6
63
