94 80
-53 0
-52 -10
-51 -19
-50 -27
-49 -34
-48 -40
-47 -45
-46 -49
-45 -52
-44 -54
-42 -57
-39 -61
-38 -62
-34 -65
-31 -67
-29 -68
-26 -69
-22 -70
-17 -71
-11 -72
-4 -73
4 -74
23 -76
24 -76
34 -75
43 -74
51 -73
58 -72
64 -71
69 -70
73 -69
76 -68
78 -67
81 -65
85 -62
86 -61
89 -57
91 -54
92 -52
93 -49
94 -45
95 -40
96 -34
97 -27
98 -19
99 -10
100 0
100 1
99 11
98 20
97 28
96 35
95 41
94 46
93 50
92 53
91 55
89 58
86 62
85 63
78 68
76 69
73 70
69 71
64 72
58 73
51 74
43 75
34 76
24 77
23 77
13 76
4 75
-4 74
-11 73
-17 72
-22 71
-26 70
-29 69
-31 68
-34 66
-38 63
-39 62
-42 58
-44 55
-45 53
-46 50
-47 46
-48 41
-49 35
-50 28
-51 20
-52 11
-53 1
50
100
67
7
51
47
8
69
23
17
55
23
70
34
74
68
85
74
38
70
48
30
78
95
96
16
96
97
8
60
58
70
43
30
24
2
40
64
39
54
53
82
88
78
3
38
9
52
2
61
41
58
58
38
99
96
58
69
60
84
63
96
91
34
10
99
52
62
13
51
72
53
3
45
48
100
19
36
73
72
