95 98
-53 0
-52 -10
-51 -19
-50 -27
-49 -34
-48 -40
-47 -45
-46 -49
-45 -52
-44 -54
-42 -57
-39 -61
-38 -62
-34 -65
-31 -67
-29 -68
-26 -69
-22 -70
-17 -71
-11 -72
-4 -73
4 -74
13 -75
23 -76
24 -76
34 -75
43 -74
51 -73
58 -72
64 -71
69 -70
73 -69
76 -68
78 -67
81 -65
85 -62
86 -61
89 -57
91 -54
92 -52
93 -49
94 -45
95 -40
96 -34
97 -27
98 -19
99 -10
100 0
100 1
99 11
98 20
97 28
96 35
95 41
94 46
93 50
91 55
89 58
86 62
85 63
81 66
78 68
76 69
73 70
69 71
64 72
58 73
51 74
43 75
34 76
24 77
23 77
13 76
4 75
-4 74
-11 73
-17 72
-22 71
-26 70
-29 69
-31 68
-34 66
-38 63
-39 62
-42 58
-44 55
-45 53
-46 50
-47 46
-48 41
-49 35
-50 28
-51 20
-52 11
-53 1
1
90
93
100
97
94
96
90
99
96
98
92
99
90
90
99
90
100
92
97
95
91
98
95
91
97
96
96
96
96
100
91
92
91
99
92
99
95
96
98
98
92
98
97
92
100
99
96
100
93
97
100
100
90
93
93
99
97
98
94
97
100
90
99
91
90
97
94
90
92
92
94
93
92
90
98
92
91
94
91
95
90
90
97
91
94
91
97
95
98
97
96
92
98
99
97
91
91
