94 88
-53 0
-52 -10
-51 -19
-50 -27
-49 -34
-48 -40
-47 -45
-46 -49
-45 -52
-44 -54
-42 -57
-39 -61
-38 -62
-34 -65
-31 -67
-29 -68
-26 -69
-22 -70
-17 -71
-11 -72
-4 -73
4 -74
13 -75
23 -76
24 -76
34 -75
43 -74
51 -73
58 -72
64 -71
69 -70
73 -69
76 -68
78 -67
81 -65
85 -62
86 -61
89 -57
91 -54
92 -52
93 -49
94 -45
95 -40
96 -34
97 -27
98 -19
99 -10
100 0
100 1
99 11
98 20
97 28
96 35
95 41
94 46
93 50
92 53
91 55
89 58
86 62
85 63
78 68
76 69
73 70
69 71
64 72
58 73
51 74
43 75
34 76
24 77
23 77
13 76
4 75
-4 74
-11 73
-17 72
-22 71
-26 70
-29 69
-31 68
-34 66
-38 63
-42 58
-44 55
-45 53
-46 50
-47 46
-48 41
-49 35
-50 28
-51 20
-52 11
-53 1
19
3
73
5
53
13
65
19
83
51
31
72
74
89
93
40
39
33
34
74
34
88
40
20
94
19
9
62
92
85
57
35
22
63
77
6
74
39
72
97
94
95
79
5
17
71
54
25
39
12
89
72
36
39
48
91
19
95
48
39
44
9
40
13
8
28
36
4
9
93
55
20
52
10
7
35
32
85
98
19
12
38
26
86
2
9
1
45
