95 86
-53 0
-52 -10
-51 -19
-50 -27
-49 -34
-48 -40
-47 -45
-46 -49
-45 -52
-44 -54
-42 -57
-39 -61
-38 -62
-34 -65
-31 -67
-29 -68
-26 -69
-22 -70
-17 -71
-11 -72
-4 -73
4 -74
13 -75
23 -76
24 -76
34 -75
43 -74
51 -73
58 -72
64 -71
69 -70
73 -69
76 -68
78 -67
81 -65
85 -62
86 -61
89 -57
91 -54
92 -52
93 -49
94 -45
95 -40
96 -34
97 -27
98 -19
99 -10
100 0
100 1
99 11
98 20
96 35
95 41
94 46
93 50
92 53
91 55
89 58
86 62
85 63
81 66
78 68
76 69
73 70
69 71
64 72
58 73
51 74
43 75
34 76
24 77
23 77
13 76
4 75
-4 74
-11 73
-17 72
-22 71
-26 70
-29 69
-31 68
-34 66
-38 63
-39 62
-42 58
-44 55
-45 53
-46 50
-47 46
-48 41
-49 35
-50 28
-51 20
-52 11
-53 1
88
33
11
61
91
2
20
91
5
51
88
67
70
24
51
84
84
96
48
86
66
62
9
34
73
52
83
80
9
65
65
65
82
24
81
6
63
60
24
33
77
44
74
10
7
21
80
45
12
35
29
43
14
68
91
76
58
54
84
98
13
44
46
37
21
88
97
93
52
55
90
11
34
57
34
72
39
30
3
27
89
95
48
96
77
83
