42 16
16 72073499 4632
1 18467047 9046
14 31273517 3525
3 43577541 4655
1 31950136 410
3 35007694 5797
9 49328891 4854
2 74367508 7864
7 51170926 6563
4 77856895 784
1 78297498 3393
16 77127326 8501
16 71424103 6731
4 61491251 9925
3 76313409 4018
4 59712678 2624
5 43021655 9439
10 14064673 6791
4 12691383 2998
5 60355266 9214
16 53901341 3854
2 53340160 3559
6 16649384 5409
5 6422405 4139
3 53051944 57
16 79209802 6389
6 32283425 5928
12 28751380 3108
12 90276294 9877
1 41700817 3818
11 1867815 3088
1 19220283 761
16 57198508 1059
5 71712835 6804
4 12097478 4419
9 18254169 4778
8 14830394 7932
12 24167953 271
9 16296640 1535
9 22784038 6282
9 3641985 7433
11 7003431 1403
