50 172
24 43
2 7
42 0
36 19
31 6
22 24
2 35
0 3
12 19
10 27
13 40
18 43
48 49
40 49
39 36
33 3
9 2
24 18
6 36
29 5
10 40
16 43
6 0
40 3
12 26
20 0
45 42
40 6
47 35
8 36
25 7
45 17
2 43
28 27
43 44
17 49
36 7
8 7
29 40
5 12
10 42
5 32
37 15
33 38
3 41
21 2
47 27
9 6
16 15
31 42
43 34
22 42
44 35
16 24
13 30
29 39
47 5
8 38
21 41
39 7
37 3
27 3
16 49
48 1
37 42
46 3
25 36
17 33
21 12
27 35
17 0
31 40
28 20
43 49
20 19
8 39
33 36
17 41
16 34
30 44
24 33
49 36
46 43
20 3
23 3
46 4
28 49
39 3
49 19
25 4
8 41
40 2
35 41
37 38
10 7
27 16
9 41
41 19
35 49
34 3
20 2
29 44
6 33
34 7
22 10
47 26
5 6
30 0
34 33
47 44
12 17
29 36
31 37
32 35
13 24
3 38
28 26
44 33
20 25
28 33
32 41
46 17
21 45
22 19
9 30
2 19
23 35
19 38
10 26
18 8
23 25
34 19
6 19
33 7
36 38
43 3
35 3
4 0
5 23
29 2
43 0
40 37
20 44
35 39
12 15
16 17
6 39
13 4
0 44
24 23
14 30
32 2
16 8
37 2
11 41
14 37
9 44
48 15
43 17
2 36
13 15
41 38
7 38
10 24
21 44
18 19
10 30
4 35
18 44
13 25
32 19
49 41
