50 149
16 43
23 18
44 18
18 32
1 33
8 39
24 0
42 38
49 38
38 35
32 30
24 30
6 39
45 32
46 10
13 38
15 36
28 16
7 10
10 30
25 0
13 36
31 32
42 4
16 25
5 36
11 24
39 28
1 2
16 40
29 24
22 28
47 38
28 32
38 30
3 10
40 32
44 7
27 38
11 40
48 37
37 36
1 20
8 37
8 41
4 30
24 35
20 40
13 12
29 0
3 19
17 2
16 30
10 35
8 0
46 35
14 1
31 41
20 42
11 38
27 37
8 29
14 43
11 27
20 19
31 2
5 32
14 17
19 18
31 35
32 10
9 8
27 24
19 30
46 1
20 0
33 10
6 36
21 47
41 7
18 43
19 10
14 47
28 30
12 30
11 5
8 28
32 0
32 43
42 32
40 10
25 42
44 37
23 47
5 47
49 47
40 4
15 10
34 8
36 38
29 28
0 38
40 38
25 30
44 36
7 32
12 32
27 25
31 27
16 42
30 35
6 0
32 38
23 0
25 4
47 7
7 30
47 40
0 4
49 20
11 12
13 10
1 29
33 0
39 10
26 2
13 4
31 1
41 3
7 18
46 3
29 39
2 42
13 7
29 30
13 45
44 38
43 10
4 10
41 36
36 35
28 38
3 35
0 10
4 38
43 30
9 5
31 12
13 3
