50 292
40 24
31 12
5 8
26 14
16 32
7 19
35 1
9 19
46 12
42 13
42 46
14 10
31 47
41 8
27 39
8 42
32 46
10 13
40 11
41 35
30 10
21 26
5 14
0 20
19 2
41 23
43 21
5 30
28 46
15 23
16 46
21 13
41 40
6 46
36 30
41 28
27 7
0 12
30 2
25 1
1 12
22 37
13 1
46 47
4 42
20 31
42 7
44 33
19 12
13 2
16 13
35 25
24 13
29 13
39 12
11 20
16 37
38 7
37 12
44 46
7 10
42 2
25 47
30 13
36 32
6 32
7 13
38 31
3 33
26 27
28 13
21 19
6 29
33 25
38 47
20 37
43 36
4 49
19 45
27 23
14 39
21 16
37 25
16 19
7 39
3 12
36 27
22 30
41 12
0 6
13 39
15 25
28 27
4 27
40 49
18 24
9 13
27 13
13 45
11 49
45 2
23 13
47 12
25 13
5 4
29 26
34 8
32 42
26 1
46 45
46 25
27 19
12 45
14 47
40 32
11 44
7 45
43 17
27 25
43 15
4 32
5 9
49 13
30 14
3 42
14 17
35 22
43 28
26 10
17 46
3 28
48 19
13 12
33 17
29 42
16 3
0 29
29 32
10 2
14 25
0 39
10 12
25 12
38 12
10 47
5 38
33 10
9 8
18 2
25 2
21 34
4 30
39 45
41 4
16 7
40 38
18 39
28 25
5 49
16 47
35 37
29 45
4 23
9 26
8 45
10 45
8 46
4 16
34 25
8 13
14 45
20 12
40 34
5 20
29 28
42 39
14 46
1 2
17 10
44 20
23 12
26 2
20 24
26 3
42 1
11 15
33 27
41 0
19 25
34 17
38 32
32 45
41 34
43 1
22 6
9 12
37 42
41 10
39 2
38 42
16 23
24 45
16 8
15 27
42 23
30 38
33 23
33 37
16 24
22 46
20 28
43 3
34 16
25 45
27 46
28 19
7 46
13 47
4 1
17 13
34 23
40 36
41 46
36 18
43 47
29 14
40 10
40 30
14 8
6 12
35 21
24 1
7 47
40 9
28 18
0 1
27 2
10 1
14 23
36 26
9 33
39 47
41 36
36 42
40 5
44 47
40 44
30 37
17 2
9 23
47 45
14 1
33 31
37 13
22 10
3 18
9 1
31 24
20 2
5 42
20 8
26 25
11 45
22 23
7 25
24 25
9 46
42 10
28 23
49 20
36 7
38 19
9 24
23 2
36 46
46 10
4 47
3 10
36 45
18 45
12 2
17 24
22 17
18 17
9 4
46 13
3 45
44 36
6 33
19 1
15 8
44 16
