50 105
47 13
30 48
38 33
0 22
19 7
35 26
17 37
6 49
6 14
3 17
34 32
46 6
10 45
20 14
17 33
36 0
19 6
12 30
38 1
24 43
13 5
13 40
26 49
25 48
17 39
9 46
12 5
29 24
24 41
18 26
4 10
28 41
34 37
1 12
3 22
12 28
35 31
28 35
23 11
27 37
19 12
29 46
1 32
45 22
41 22
43 47
9 10
18 30
34 26
48 49
37 40
48 14
30 10
31 49
19 14
31 8
8 45
3 40
46 8
38 48
41 40
10 8
33 41
44 40
32 49
49 22
20 13
20 5
29 21
15 49
31 37
4 17
29 10
41 26
5 14
37 8
0 39
6 8
37 22
35 32
31 26
33 10
5 10
29 43
41 6
16 25
2 32
0 27
8 22
32 37
23 42
28 33
42 13
25 35
29 1
9 11
27 13
18 47
19 8
33 45
16 24
31 6
27 35
16 30
32 8
