50 106
30 36
46 25
3 22
26 21
19 27
21 48
12 18
7 42
6 27
35 18
22 27
11 17
15 34
37 2
29 7
41 4
32 31
9 22
14 38
17 48
22 33
22 39
22 43
46 44
7 14
13 12
44 3
24 30
11 21
6 37
48 39
10 9
30 28
44 33
0 47
12 26
16 4
45 7
43 39
46 31
46 49
34 40
2 40
35 21
2 39
30 8
8 41
47 45
17 44
1 38
3 33
23 33
42 48
35 10
20 14
4 1
33 42
34 14
30 34
5 13
4 23
0 35
32 35
38 48
8 2
8 21
6 34
30 9
22 42
5 34
10 42
29 30
41 3
36 14
26 42
34 42
28 22
16 1
14 43
24 26
36 33
35 37
41 25
35 25
27 40
36 48
6 28
0 39
0 34
8 9
7 31
35 9
3 25
30 2
24 40
36 22
25 42
20 23
25 2
23 43
20 25
36 39
40 39
13 18
37 27
42 39
