150 200
99 6
21 4
99 96
40 80
119 20
24 88
79 94
56 17
11 32
129 7
21 101
10 108
148 32
34 45
75 92
111 104
111 2
125 106
122 107
26 103
58 38
111 132
89 76
62 36
37 43
122 128
34 59
48 135
57 25
126 93
58 6
75 131
24 41
89 86
10 16
136 142
40 55
27 77
11 4
12 95
21 100
10 96
3 51
27 44
146 100
21 82
122 138
56 93
14 67
56 71
148 20
56 55
10 67
79 107
8 19
110 49
46 17
118 142
110 28
27 149
79 60
3 97
24 66
5 120
74 143
14 123
12 78
47 132
118 29
146 92
10 123
89 2
1 127
89 120
57 60
27 141
113 81
0 140
119 83
54 116
85 95
99 77
118 90
147 91
3 36
119 19
75 80
56 33
147 25
61 33
147 106
62 112
12 108
146 68
146 73
79 59
3 13
0 124
12 86
12 39
118 117
111 43
5 133
10 102
89 73
113 101
40 127
11 70
48 65
37 98
8 63
15 143
42 51
89 141
110 81
85 88
42 68
11 30
87 50
0 117
134 13
85 139
46 145
147 52
0 78
136 115
15 137
75 144
11 103
87 112
56 38
47 64
1 121
147 105
18 97
146 135
35 22
62 66
34 53
126 144
47 28
85 39
110 102
87 91
48 7
129 140
40 90
87 64
87 121
122 83
119 22
146 23
136 139
14 72
34 130
134 70
75 94
61 9
125 53
129 115
10 137
62 41
40 133
110 149
5 52
136 109
79 109
3 76
26 130
122 31
11 23
27 65
0 131
74 114
147 44
89 145
37 63
87 69
99 105
11 138
0 84
79 124
27 104
0 98
113 45
148 84
10 82
136 71
12 9
5 29
14 30
12 31
110 114
42 49
54 69
89 128
24 72
89 16
89 116
111 50
