150 200
35 126
91 142
0 81
91 12
18 128
74 146
51 29
60 128
133 40
100 80
37 139
110 84
69 42
60 45
95 17
105 108
96 41
47 22
30 85
99 52
77 98
112 78
16 94
100 68
69 111
10 106
96 89
16 86
65 130
23 114
91 148
69 22
105 9
113 115
35 87
35 80
141 88
48 31
69 53
60 34
113 38
25 89
77 109
20 115
20 3
48 63
112 26
102 101
37 68
74 143
47 107
102 44
100 88
51 132
134 55
96 147
62 56
49 24
102 75
37 125
51 64
30 123
0 149
20 136
141 70
61 79
54 138
35 122
1 144
65 45
95 76
112 73
131 81
2 126
60 12
96 111
8 39
97 86
20 38
71 63
69 19
140 6
105 33
69 109
91 119
110 64
129 40
62 147
16 41
20 135
102 46
103 3
62 116
113 82
131 56
54 4
16 76
54 78
69 90
69 24
91 27
93 119
57 59
97 29
69 32
100 28
117 66
113 143
118 139
77 83
110 7
100 34
97 145
91 72
51 72
71 11
113 149
51 130
47 73
105 122
105 53
1 101
117 14
48 21
47 13
100 50
16 27
18 123
48 148
100 87
35 32
30 9
49 132
61 43
60 59
2 13
110 94
91 15
102 28
137 21
65 124
110 39
137 107
103 6
47 92
51 108
103 85
48 44
97 146
2 121
96 135
110 50
23 52
117 15
61 67
60 36
134 43
118 82
1 17
30 121
35 138
137 58
20 55
71 5
51 104
1 14
140 136
110 142
120 46
18 4
120 90
51 5
54 106
129 104
48 125
60 19
54 70
93 98
47 58
137 36
54 124
137 145
0 26
49 33
131 84
10 92
112 42
129 66
25 67
25 11
131 31
112 83
110 75
47 79
102 116
137 114
23 127
35 144
137 7
54 127
