150 199
25 134
146 133
130 33
43 109
130 63
56 116
98 108
62 39
26 104
32 15
47 36
98 10
11 24
62 52
25 18
35 58
91 16
93 108
55 77
90 122
117 131
146 50
21 102
41 36
47 71
138 125
139 59
19 129
55 76
81 64
141 106
143 97
19 27
41 6
85 123
47 37
94 137
67 52
148 69
11 87
11 149
117 71
49 110
8 144
51 84
141 95
94 75
67 127
32 66
90 17
113 28
2 122
35 135
143 65
47 59
146 22
148 112
141 84
2 40
45 129
120 64
140 135
85 128
51 0
30 134
35 38
90 44
21 42
93 83
72 147
148 44
35 96
72 68
12 14
19 66
136 46
93 79
53 99
21 76
25 14
139 111
119 97
29 54
85 58
47 123
21 46
93 27
53 124
47 95
139 131
140 127
34 57
107 114
141 80
45 1
34 124
12 145
130 118
53 115
138 7
103 63
70 78
90 13
47 65
62 112
21 38
90 115
34 147
29 74
148 20
126 48
47 3
107 9
4 61
136 116
35 145
148 68
55 100
25 10
62 5
119 79
126 77
41 73
103 101
136 24
4 60
98 40
136 13
93 88
62 31
19 82
138 5
120 121
51 16
94 57
91 48
35 142
45 75
55 23
103 17
8 118
53 31
94 42
148 100
148 82
94 28
53 133
81 106
19 149
140 15
90 144
45 111
141 109
120 128
67 50
2 92
98 80
103 3
25 105
30 54
51 92
70 121
90 37
85 137
85 33
21 73
90 7
113 89
53 39
138 20
41 23
43 104
53 9
141 88
25 22
26 1
56 87
21 132
47 69
55 74
51 101
19 99
21 89
55 78
62 83
94 60
12 105
41 125
12 18
113 110
25 142
51 86
138 114
11 96
32 61
2 0
113 86
67 132
143 102
