150 200
56 6
18 116
1 137
41 119
1 51
78 43
112 39
111 22
32 87
17 7
47 25
80 2
111 124
45 4
132 72
149 139
90 34
90 102
105 46
90 115
52 82
111 106
16 137
135 139
42 64
9 54
111 116
56 99
121 61
23 11
47 31
1 128
1 101
41 62
77 104
45 40
58 46
90 140
89 33
95 141
117 28
60 126
47 125
19 85
42 136
149 59
103 8
56 133
23 110
19 86
135 48
89 59
77 125
111 28
17 134
66 75
147 145
132 85
21 140
16 3
111 107
103 142
52 144
111 34
121 128
63 88
16 57
23 8
27 57
21 6
132 55
93 124
135 44
18 98
121 83
42 98
90 31
29 138
66 148
127 49
0 39
17 30
149 24
53 108
92 129
17 22
77 101
97 133
105 75
89 68
143 94
16 110
41 20
149 71
143 73
65 94
19 35
103 148
42 12
77 67
27 26
47 20
21 146
56 12
121 109
93 48
130 71
111 44
1 122
60 38
135 136
65 15
77 13
103 69
105 5
9 120
149 72
60 87
121 50
16 24
143 91
112 138
53 120
130 123
127 91
78 123
78 11
81 114
1 118
105 26
16 134
0 54
17 108
17 14
19 100
63 102
17 131
132 82
113 86
29 25
27 69
65 144
41 5
97 76
27 83
111 119
56 4
32 129
0 74
29 107
58 109
60 114
17 49
80 33
47 51
117 3
103 115
16 61
17 15
127 126
149 36
18 99
18 64
45 37
0 145
58 79
130 146
23 74
143 142
42 38
0 96
111 35
63 10
113 2
143 43
32 106
111 10
111 79
143 30
147 13
65 96
16 68
135 36
95 40
17 76
78 37
0 88
29 118
84 55
29 62
147 50
80 104
18 73
149 122
70 100
147 14
16 141
16 7
89 131
130 67
