150 199
61 117
145 45
0 108
120 51
54 76
32 78
56 86
129 81
2 107
148 10
84 21
120 4
6 115
112 109
91 70
65 121
26 38
71 16
13 43
58 96
56 60
88 41
35 82
63 42
69 147
91 127
112 24
26 82
88 57
59 117
54 137
91 135
148 96
134 147
91 38
7 94
61 21
146 92
91 107
33 40
72 10
35 133
148 55
79 135
129 87
91 125
139 142
139 30
80 17
148 103
58 144
32 73
91 101
48 89
79 74
88 39
102 55
131 85
102 15
130 36
79 52
91 124
5 44
84 1
59 68
2 62
33 97
11 19
98 25
120 136
131 99
5 66
123 25
27 22
131 140
123 100
129 60
61 15
35 143
32 20
69 64
34 67
56 118
61 121
54 95
5 31
58 118
106 133
27 86
132 119
128 92
14 68
13 137
79 138
11 18
98 99
98 53
5 29
56 103
26 119
145 41
80 110
34 114
106 47
63 28
90 23
128 4
128 74
106 143
146 23
145 8
35 75
33 81
32 116
88 30
5 97
14 16
9 136
56 126
84 53
56 57
123 67
54 100
145 52
69 110
26 142
63 29
34 141
88 127
13 36
123 44
65 105
90 77
80 45
91 76
58 51
7 109
65 12
6 113
132 24
9 149
130 78
5 3
14 83
69 105
98 12
71 113
14 22
26 126
123 116
27 43
122 104
120 138
11 95
13 70
88 49
33 77
56 140
34 94
128 114
13 149
128 111
59 115
88 46
2 141
54 87
9 50
91 46
129 85
123 37
129 19
33 18
112 40
131 20
88 64
120 31
0 124
131 104
130 47
54 108
54 83
112 49
11 17
7 28
139 50
112 125
84 89
11 101
14 111
65 42
71 8
145 66
123 1
123 75
7 144
93 37
145 62
93 39
148 3
