10000 9999
7078 8783
999 4576
4208 1395
8746 1646
3520 2598
7396 6898
275 1594
4991 4604
7900 7945
4133 7998
5956 9825
5780 862
9977 7102
6425 9345
6070 7556
9839 8590
1657 2682
3632 4737
8507 6191
4204 2454
9050 8647
2892 3651
1211 409
8662 7208
2213 2296
5950 5496
2259 4783
47 6041
1149 6671
4122 4222
1537 2476
7263 1145
1861 3931
8616 5438
4925 5122
609 3832
5602 9762
4967 9125
1669 2565
56 2908
9285 666
488 1972
4210 7724
2780 2466
6577 2626
9777 7069
1113 7333
8240 4384
2245 6720
1902 6277
9737 3645
4557 3706
4507 4436
7273 3521
642 9292
373 7814
6508 2624
4877 1620
4844 6591
5978 4774
5556 2663
6722 9378
3666 5822
9306 8700
2293 2957
6373 1556
3716 7446
9324 2169
5253 8262
4238 1133
8570 2002
6677 1226
8008 7746
9475 8758
6129 27
6875 5203
1358 8805
6531 1016
7383 9542
6256 6565
58 7063
5839 4979
3471 1987
6203 9523
2357 5618
8637 7792
3265 6991
6640 1791
7038 1019
3774 6702
8974 9295
8895 6781
827 3382
1816 4291
3023 5449
8436 9858
3031 5164
5327 8879
7352 745
9825 537
4431 4580
8908 7704
2232 7984
3929 9198
4593 40
3368 1509
7256 6820
55 9241
5895 5774
4992 8093
1991 2930
9190 1236
100 394
7098 2095
7939 7504
198 4234
8630 1392
3026 2536
8989 447
113 1719
2255 6884
3676 7120
7976 7376
1519 6025
3911 6755
4472 8661
882 8068
4865 1642
8431 3871
8143 9852
3889 4024
7846 3150
2802 6664
79 4255
6628 6663
9413 7824
2528 4243
7418 246
2204 8526
4404 2224
235 1679
9578 5703
2305 2289
8875 8222
3156 6105
691 185
7061 9647
1349 8063
5006 6881
7270 5480
8004 4563
7834 7933
5220 398
7984 2825
5604 8767
161 6270
7357 7435
6494 4838
7863 9250
2800 8618
9512 2637
5879 3273
7371 3443
5364 5066
5836 4199
6543 6519
3641 2998
8914 252
7607 7893
2878 4303
3738 1189
6794 4421
515 8199
3900 1627
6087 5719
2117 9881
8131 7494
9903 4742
2171 2467
6471 4510
2532 6905
1017 9695
8359 1804
6090 2301
9435 8994
3010 2546
2482 4462
4398 3152
8505 3915
6480 3803
157 7831
7216 4423
5273 901
1214 5016
5897 5471
5723 7807
8831 428
1728 1384
5703 2106
8291 9883
6596 8881
2123 8927
7467 2006
805 5266
7888 9270
5032 2216
4353 1703
7253 1633
3338 1074
5420 1408
928 8194
9562 2348
4977 6165
3670 1700
6227 8235
5050 9820
3510 9429
558 7974
2764 6240
411 8462
7796 4004
7730 6063
1372 3398
7561 4971
656 5817
2057 6054
1907 7280
9106 7672
6422 1234
9232 8682
5096 5523
7809 6973
573 4769
9348 306
3467 8370
909 1474
5690 4991
6566 9235
9114 8935
5903 9584
7596 4513
7343 9046
6319 5359
4338 6516
3725 1143
7778 9154
9150 4989
8256 8401
4832 3139
3552 7013
3973 24
6956 1777
3451 7186
6730 8432
1387 8962
4037 2191
9563 9374
5898 6960
6316 4587
9849 364
3690 9674
9314 8119
2193 1614
5804 4768
3783 7507
1430 7883
5911 8206
2371 1514
1337 8566
6832 7413
3589 3811
6388 1209
5893 1696
3069 8473
3499 1478
4966 9637
8795 3673
3744 4070
8382 7667
254 1629
2505 1434
6019 8134
6183 4628
2729 2684
5164 2775
299 1427
2856 2847
5583 2066
4223 3361
6840 8327
1644 2104
1822 7405
1109 6923
6632 2793
9669 8856
4430 9702
3953 8594
9980 6400
6703 3369
9261 5814
7713 5322
5072 2658
1222 6806
2666 190
6845 8722
8138 9282
5801 2616
6374 7052
2090 2214
6842 7964
1252 6288
1711 990
2272 8565
4814 9288
6927 6511
6785 4527
3739 1059
3214 3230
1433 2768
5033 1402
2086 3510
6421 3042
1308 3723
9474 4327
7079 1833
777 7225
4738 6110
3375 8094
7667 893
2955 4865
2940 6919
5117 5550
9730 1632
5823 547
9663 2325
1476 8611
2817 630
9361 7235
3765 7801
807 7449
5515 2396
4545 1883
5335 1801
7301 2158
6620 4738
1559 7395
74 6337
5787 682
628 4355
802 4951
8409 5653
3836 589
4220 4407
1975 3
6226 3479
2127 5142
2343 7454
879 1007
988 6703
1459 1708
3782 5897
7924 2676
9537 6137
8038 9094
459 4230
8299 4168
6174 626
3439 2163
7877 1004
5441 877
8941 1812
4160 9709
191 2894
6798 4787
7748 7212
1825 3529
4137 295
546 53
7683 3289
9785 3255
4606 8826
3809 8420
6441 4967
2497 1562
2893 7737
9025 6818
4235 9730
3540 5757
3178 5494
6413 1062
863 4557
604 3478
3005 1029
127 8111
8204 3582
601 1573
918 3094
1405 9838
5597 2317
4243 889
9956 4088
2217 1615
1371 4424
577 927
3569 1779
5985 2731
4250 8083
338 4446
9286 7966
4853 1142
2566 2342
2397 2179
5372 6747
1967 3040
3923 1529
4873 1616
3076 6552
6817 6375
9392 7292
9678 4485
5395 8341
5993 9697
1249 250
8130 3818
587 1083
2248 984
9675 1472
6311 7482
1698 5130
7622 844
289 3830
2320 2809
3780 2056
6249 3378
3709 1774
7174 2442
2870 403
870 7542
8685 8968
8866 6682
7019 8876
570 1221
8943 1114
4305 2005
6992 494
8453 8037
1138 5579
5261 1038
666 6694
7813 4807
6189 6051
7372 3009
3501 4593
3145 2497
8697 4237
9210 9640
5358 1353
9743 576
8065 2384
5529 2973
8041 1942
3250 2995
5738 4994
7286 9901
9898 4365
6253 5204
7262 1053
6118 8144
5589 4562
180 7911
4689 6205
6804 3821
4467 2276
9216 602
7440 9083
4535 3227
6726 4333
9397 5105
7586 4231
1429 4405
7983 3117
3711 3833
1318 4491
8938 4323
9762 7363
7204 3337
4265 3698
6415 1290
3726 4905
4620 6549
4954 6307
4771 6466
3376 2640
331 5123
4373 220
5412 9140
4326 3135
4387 4483
4621 7306
4690 7159
6906 4306
5416 211
8599 2758
4453 7393
8173 1484
4979 8781
1914 4302
9812 2620
5304 7733
8803 9501
3304 9737
5691 2204
3988 1076
2469 6946
5445 1816
9259 1913
7548 2331
3998 6542
5122 8779
5320 4141
4199 5661
5494 2308
379 6499
3907 1818
4182 2940
3993 3213
4748 8547
5822 9260
3022 9369
6662 8748
5143 4067
7193 9519
7578 2441
5387 651
4645 1130
4108 7649
4118 2501
1220 7193
6855 4640
9684 2583
4564 2919
2181 7410
9516 1401
5871 6626
5293 6916
7330 6017
3701 8360
4194 2389
7565 7387
5394 2641
2752 2896
8118 9190
8506 1159
8081 578
8132 514
3103 9713
2861 1857
7944 7927
8315 6106
3329 4619
1666 5923
6076 3633
519 6749
3019 5036
1194 2814
7855 6686
3229 2603
7060 969
5024 2502
2555 9078
3097 7281
7601 6873
4097 4322
8142 4716
7187 9005
5064 6293
6564 4850
2745 7048
2059 7352
7891 4816
2679 3575
8493 6479
3801 9273
9359 9508
2781 3178
5627 8831
9962 6691
1140 5781
4125 5429
7374 9893
979 828
2274 9610
7044 8769
5520 1438
7082 2346
2159 1048
5562 6638
855 6947
8593 3166
7982 9204
8627 7224
5029 1864
1923 930
5241 5484
3733 783
6718 1831
7364 5346
6184 5624
8057 3598
1360 6931
6734 3036
9792 235
6847 7147
3361 6791
732 3203
1953 8892
683 367
3021 8744
9727 6354
9373 3944
8320 5072
3146 7576
1683 3780
6465 6341
8454 8828
5275 6432
562 3822
2421 973
7428 848
3578 6807
1934 5473
3075 1429
1331 2934
6172 9677
5593 686
2938 6150
8241 2994
6151 2295
5996 7174
9780 4759
9333 4946
6717 1667
7448 3043
7727 4877
1705 1218
9888 4523
6585 5554
6871 7455
7658 1094
5900 2067
4295 6584
6171 8433
9052 4079
9393 5303
4222 8338
2243 1766
8251 4801
7069 5760
8955 6953
9021 2127
4263 5253
2100 5809
6336 4346
7222 683
8847 1589
2932 4265
3238 4559
6329 213
2630 3177
2634 6726
5071 6271
8785 6576
9427 5670
3196 8512
4345 4493
7460 5657
218 3517
1060 8266
673 6830
5972 691
5375 5409
9828 7805
1125 654
3842 1141
3137 8258
3258 460
5923 1061
9009 9876
2879 2481
2091 7022
6360 8880
8856 5629
2022 6253
6132 9191
7188 2495
2183 4721
6805 9064
1842 139
9702 455
7033 7632
9895 4482
2906 3000
6207 4181
5874 6822
3436 3376
2749 6826
5017 7879
1710 8644
4937 2633
4750 8365
2214 8114
387 7194
7436 8345
7446 2070
1106 1162
6750 2324
5223 7961
8441 1684
978 6751
8787 7084
8750 9731
3606 6142
2126 2557
7065 9033
5931 8041
3561 8205
2336 5498
4983 9585
7487 8663
9182 391
1900 7560
7005 515
2565 6403
5762 7041
9421 1096
3987 6729
3414 5069
9623 1916
9722 7336
8178 9902
3070 9051
9092 9076
7292 4432
742 2246
5238 308
981 517
7045 4851
5211 544
5057 216
826 6343
5218 3691
4675 4847
5586 2138
2746 68
1182 7017
3166 4272
1847 3558
8586 1999
7857 2030
4074 7679
6809 722
3948 9032
3006 1850
4218 8723
1077 3449
6864 8667
2529 5668
1156 6617
2436 5420
584 7562
1949 4785
5028 9034
7666 8756
8828 9791
8151 9421
8440 7490
1838 8299
390 9395
9202 2322
809 7341
3583 575
8971 4780
9827 1334
9851 9236
8794 5285
6438 2146
6879 8374
5617 6233
5174 1172
2141 5065
3201 3586
8169 1443
1803 324
9249 5692
3892 3010
2671 4535
409 2986
2724 5530
9960 8396
4539 6136
7533 9173
8553 2962
4743 2339
6721 5263
5573 6625
5465 1032
932 9068
4510 1170
3254 645
2318 907
2120 112
9586 2273
8349 8511
783 5020
9002 5422
8392 6538
1656 7202
7530 205
9583 3127
3766 1957
3588 558
1166 7266
9920 6196
2166 5647
2145 7508
293 6322
8897 5944
1791 8995
1189 3080
2 8250
3367 8363
3240 4324
5110 529
5662 5457
9178 2897
4454 3182
6621 1432
4036 802
1436 7514
7602 4404
735 201
2952 7233
5130 2757
8461 9633
8125 8308
5378 9885
5350 1242
8307 2071
4409 438
8075 7479
8612 3955
381 6068
4808 1058
5722 2290
4886 37
1374 7934
2675 3174
5205 4464
4083 7327
9620 4779
7996 274
6255 6391
7725 9327
1304 5526
7798 4966
4070 8726
325 5189
210 867
7989 9309
4591 642
7453 1380
2981 3857
7987 4648
8639 2726
1745 1089
7781 1803
7663 4797
1568 9411
391 9552
9351 9321
1008 7049
66 1622
8796 5475
1793 3775
715 7429
5648 5441
8477 5173
3880 5489
9887 1537
5795 6467
7007 4756
5039 3163
4344 4371
4132 8641
7794 7020
2909 6098
9978 1112
9321 7790
341 9512
4000 2802
2899 6977
6644 1287
9634 3468
3067 1825
5187 9132
3141 2895
301 8579
6664 2547
8490 8026
6910 8604
1061 5049
1754 6228
2841 2252
7573 742
8867 9350
1105 5665
6559 1563
3443 4806
2111 669
2556 9338
3314 8177
7410 3008
1059 9563
720 8079
2748 7301
8653 803
8871 8223
5940 5850
3692 9446
5370 656
8387 8428
3638 210
9173 3988
5563 7297
7067 8444
3541 831
517 7271
3855 4567
2523 65
1517 3151
6242 7412
2803 504
892 7514
9143 5048
9821 4261
5330 971
1395 7895
5132 2839
6688 5660
215 9850
3055 156
837 280
2618 9968
3886 7398
3543 3739
5741 8753
4805 8513
2136 5584
7386 9566
6365 1497
4638 2201
3593 4584
8452 5027
7951 1186
6082 6782
9877 389
1094 8163
7307 3945
462 8195
9703 2386
4854 9499
4825 7645
8931 7345
9095 3805
8099 4910
1339 6281
526 8209
4021 4830
1261 5942
7827 6212
7384 1108
276 7953
1303 2744
6467 4672
1022 1020
4813 8168
5075 5758
9584 9010
3495 557
1347 2122
7458 3704
1892 9982
4117 8296
3431 4119
6605 505
674 8653
1943 2420
9164 8136
1583 5650
3114 8036
9574 5005
190 5778
741 9886
3424 7604
5644 189
7629 536
8389 2563
1681 7116
6728 3315
645 5379
6162 6915
7837 9227
4324 8021
3887 5433
7717 3956
1377 9164
7973 1440
5675 5183
6993 9830
9370 4236
3798 9503
7504 9118
2811 6371
347 8823
6038 5308
6197 1028
9874 6134
5844 8449
7716 525
7149 5666
5613 7401
9242 5764
392 5464
3539 6256
5532 8987
5310 2614
174 2401
1511 5146
4999 6310
1180 7203
3147 3190
7433 2293
6729 5951
1941 2975
2101 4354
9414 3365
7613 1663
7932 5302
3949 3111
1635 2781
8536 9019
7768 8971
4816 8179
1507 595
730 1661
7112 1321
8294 7267
1573 947
5708 6367
1025 8440
5297 9074
7059 8405
6844 8431
3352 4433
5113 1396
5302 7388
5163 7896
9053 3613
800 5097
540 3285
8547 5565
3120 5168
2576 3086
7166 2611
3189 2123
5381 3097
7040 8830
1216 6654
6757 5054
2554 4410
8098 6710
7362 598
744 9180
342 5539
306 2458
6315 2827
6042 9904
7381 5086
367 4045
8947 264
1770 6224
6779 5785
2857 9997
1076 8331
1653 8860
9193 7503
8496 6419
1787 1117
9058 7344
2798 7464
314 9704
9494 6075
1128 3631
8236 1487
8147 6578
2738 3917
2574 873
880 5232
4610 5943
7804 5495
1320 8252
1987 5244
8924 5958
3537 8951
2479 5882
7387 1153
2223 9080
8683 6906
5206 6580
465 9476
4862 6091
8340 6819
4007 480
3397 2072
3565 7328
5336 7358
5185 7390
7692 8765
9502 9137
8689 1155
8135 9918
7248 2153
9834 7091
9523 8461
4419 9434
7293 4893
5979 256
4259 6990
5949 3623
6372 5114
8672 4990
5744 1962
2891 464
414 2431
8025 9382
5015 6347
1924 126
6077 8662
5748 3149
9032 6441
429 5521
9460 3679
2865 962
4931 6843
4639 7279
950 476
4530 236
9897 9267
4858 3342
5740 2801
4574 226
2903 6458
2933 3527
3981 3075
793 7708
9471 3625
2103 587
6500 2909
2143 8243
694 7628
8720 266
6496 6372
3749 3635
8606 400
2189 9744
7765 9323
5051 7066
2328 6178
9944 4334
6135 8486
2763 8679
5526 4189
2684 5085
6178 9595
7674 5090
8868 8276
5388 4178
9972 8602
5607 8798
7737 6443
6583 3556
2273 2864
3966 2601
7700 245
5458 7582
4348 8624
2018 8540
9798 7960
4677 1984
1576 1088
7076 1886
7456 7277
7473 1851
9742 9908
5761 7135
3758 1847
8345 8366
4982 4133
6498 7148
9735 6149
22 2172
1120 4054
3401 1946
9311 322
7212 432
1364 7810
4531 182
6973 2797
3856 3349
8324 9081
1764 4339
994 8578
8903 7160
8333 8376
1267 8200
5507 9441
5019 8546
4192 8875
89 1608
8028 4068
1575 2755
5487 549
6368 1333
7832 5593
3047 852
8421 6248
8036 649
177 1346
9209 2724
5030 9358
2742 4959
4313 9705
900 1947
525 1310
3807 5911
7531 875
6713 4018
7874 9535
5902 1208
7235 1981
5369 957
4396 2627
5808 3647
2352 9281
6891 3247
9836 8555
8747 6928
2451 7548
4334 9540
7498 1354
7661 4006
7046 5291
815 9337
9235 1181
6976 9800
8741 7605
631 6474
4938 6273
8239 5959
4155 430
1904 6596
6141 6043
3791 9655
6778 1740
4820 2371
8391 1680
8560 3134
3340 5874
8287 329
7991 5839
5642 6004
723 3753
2359 2519
2048 5481
9432 497
9750 9248
8079 1689
8742 421
1253 4647
1438 4048
9037 3734
4725 6019
8146 8586
3152 2278
2235 7841
2299 3530
7833 2862
5705 5690
6 2462
5483 4907
9613 237
535 7270
5041 2883
512 2199
568 2075
7610 5335
150 2362
6095 4335
8328 4397
4815 7825
6258 1357
4700 5200
6260 7383
4283 4514
8731 7886
2791 7868
4745 6131
1790 6410
5842 8687
1740 4388
7633 9555
9580 4508
1227 3881
3481 1516
1661 290
8830 967
9415 5468
1003 7200
9985 3120
9047 9921
7789 9611
3351 3668
6742 9407
7024 7249
9122 4747
8014 1877
9860 6955
5292 4224
9195 3298
6416 5462
7872 8394
6232 3826
541 2251
4762 8384
6555 9631
7528 1084
4463 8725
8961 8934
1767 9058
2928 5612
6308 758
1164 6522
9930 423
4994 663
3772 6001
9084 1421
2567 9938
6735 5028
2677 23
1279 9688
6234 8167
3902 2093
1738 4622
1808 7444
4599 842
502 363
9945 749
1929 724
7772 1527
3989 4820
1821 4539
4446 5753
7841 9460
1778 4645
7177 4934
9645 3108
5068 1008
8981 9760
1367 3525
6815 9808
494 7431
181 7849
2854 9188
9615 5770
2008 4671
3568 4383
8527 9961
9514 2699
8428 1848
6911 2772
4416 533
1366 6505
3358 2696
5254 6525
8361 6951
733 8303
9941 3172
6741 4916
6392 7889
9142 3553
1712 371
7604 6904
6831 4809
8313 2981
9181 3658
1341 9976
4251 3583
9064 1710
4682 2195
6949 8707
6418 8349
767 6289
8189 2404
2941 7588
7746 580
3613 8137
4864 8652
8434 8693
9375 590
5170 6325
7409 2052
77 6503
1160 7318
4388 6278
4257 1662
3545 1520
9145 1245
7808 3507
4800 6408
3890 2932
85 8382
556 9457
4495 614
1729 5983
1136 9708
7795 6306
4541 1422
495 4315
3571 4734
3099 9502
2419 4746
4904 7661
7009 5325
3453 9941
5868 1202
2487 8381
7075 615
2471 5811
2446 4326
7865 3621
1986 7638
43 8008
4880 4161
1250 9349
6570 6622
5410 5389
6011 9044
963 5926
3868 8141
4046 3277
9784 1190
7310 4993
7752 9372
1394 3339
9667 3031
1677 6844
6165 8139
2866 2660
2978 1388
7645 2573
1481 214
60 7813
1380 6524
2106 5281
4370 208
7039 6520
2347 9291
6994 6486
5018 5773
2607 1705
9510 726
6482 551
9719 2175
4734 6954
3036 9432
2622 5046
4247 8127
9483 7910
28 29
3307 6437
8584 1600
5861 732
6667 2439
1992 2332
3040 4600
7913 1739
4285 191
5547 1659
675 832
1484 4795
110 8812
2782 744
4057 2875
9446 2811
2863 5840
349 829
5448 4340
9954 3114
4558 4366
1057 1151
9176 5694
1251 4911
3727 2956
3108 3911
3277 5030
8711 4681
7540 3422
6851 4137
4960 9819
4276 952
442 3310
323 2522
8417 5511
8852 1536
3297 5043
2842 4825
2913 2579
7741 3572
1324 4906
197 343
3174 6598
9532 3838
2196 1138
8613 6614
871 2625
5798 3282
2834 6158
9625 4985
9942 5614
543 3093
1118 3630
9696 785
4072 1109
7842 6777
9014 5331
9955 3938
3144 1124
7966 3659
9339 562
7492 4500
5333 7426
3876 4277
3808 1960
8488 1196
7758 4211
5400 3757
468 8099
6594 9011
9660 1228
3078 7720
126 9746
5436 2913
1384 9278
4271 4697
3882 603
5139 9661
3939 1293
504 9945
6682 9541
2266 7123
6114 7466
8192 690
6909 531
3261 1316
6219 6604
7552 7325
3457 5349
4786 2782
1935 9075
2734 2004
8822 3085
3177 9443
7639 8839
9036 8315
3180 1256
9996 5213
4332 6927
899 2366
9445 2882
3016 1508
201 3637
3131 2693
8280 594
140 3729
3964 5978
5227 5819
4669 6255
9732 955
3292 2778
4833 3817
881 1610
6791 1347
6150 8862
8857 9256
3816 366
1043 8809
8066 8170
522 7781
7799 2232
9638 3754
5150 1874
7551 6046
8227 8372
8060 4305
2872 6678
1510 6006
9631 2436
4224 1235
1633 4289
2016 8307
4026 6130
8015 2983
1246 6304
8245 3932
1521 5557
5609 8802
7589 4686
7099 3777
7881 2991
7122 3906
7155 4051
6435 1364
1713 730
6166 6456
5733 5883
471 9896
6775 7579
1325 9311
6115 6349
5251 2992
3532 7697
589 7741
780 8424
6489 9751
5694 3602
2511 9505
3476 2099
4534 6469
27 8592
2990 7445
2998 7917
9807 3836
4777 2735
8892 8236
2040 4642
1301 8538
706 7597
7859 6120
1110 9884
9808 1557
542 66
4656 859
5149 1309
3496 9723
2078 1326
6673 808
118 1530
3165 3276
3512 6116
9080 9839
1492 5063
2200 9511
4522 1924
2267 7262
5126 5368
5620 3346
8352 9472
6206 6840
7165 2581
1814 3935
771 5013
5937 1599
1804 3597
3870 334
2456 5519
925 493
2804 6315
7916 3259
8767 6018
4837 6868
330 4922
2704 7554
3332 7211
6739 2789
5875 1917
7290 3564
8736 7264
1672 1330
1111 5364
1605 1763
1420 2655
7880 2249
321 9794
1593 4546
6695 980
7693 1998
5763 8869
272 6531
5790 1903
828 2918
4788 6147
3306 6189
5909 3728
6036 994
3720 2965
3272 6945
7495 243
7430 297
2147 3106
3585 3435
204 4667
2083 6314
4401 5964
4554 6444
3268 2662
8086 2695
2645 5659
6113 4947
5743 3081
2850 1001
4551 4180
4561 6595
333 5885
8573 7368
9374 4250
4783 1161
4933 5162
7485 7676
908 8997
2229 2594
6646 3515
1694 586
3960 2186
6279 5821
1167 5472
7127 3937
7140 839
1931 6985
6448 6607
6018 4003
3377 3523
4318 3847
6708 2863
7830 5064
7883 91
6818 7180
9040 9192
2681 5463
4906 2754
5082 149
2858 518
6696 2084
3111 8264
6369 1351
3654 9622
9179 1875
4580 773
2268 8952
7526 1655
3119 9002
6020 8638
901 200
3937 6317
294 9928
5306 9582
3269 7047
9630 9004
6859 495
4883 2690
4435 2212
6761 6140
7701 6717
2550 3355
3775 3307
7482 2850
1127 6478
4211 3738
9893 313
2961 8919
9184 3591
1154 7247
3121 3863
7764 755
5821 813
1463 729
2414 6198
593 1702
8269 8890
3350 4331
5961 874
2452 5527
8422 2145
4664 5354
9405 5993
4424 6701
8121 5677
5391 3062
1852 221
7654 2958
6059 1539
5681 7324
4987 9181
4597 2796
5882 1308
1422 9616
873 7339
6193 4251
9018 5412
9076 7218
5470 4106
4817 2665
3743 3774
9886 8801
1294 2303
9379 1794
6689 7474
1858 177
5148 4503
3071 650
3374 598
1275 1477
9515 9038
9090 4111
9657 8776
1300 2407
2784 1545
2697 7991
6873 8256
2133 4406
2364 6735
1391 5772
7269 4130
2415 2185
7705 9567
3750 5107
5349 6361
4691 8479
1927 5261
9131 4802
40 6451
7930 1125
956 1852
5426 2315
7072 4125
5521 7357
2502 1782
7722 7016
9476 5728
1544 1829
1572 4980
7190 7326
3996 4296
6947 970
4842 7317
8460 2806
5063 7561
5171 3506
7135 2871
3533 15
2488 9862
7041 6324
3871 8743
7245 7611
6539 9341
2624 2355
7349 2905
1550 3892
244 2892
5980 8588
7179 6483
2578 2742
7545 2944
3260 3497
2573 9167
9332 6670
8583 1707
3072 2279
867 4232
2852 1607
9856 4538
3460 9891
2836 4373
2794 555
9718 5106
4940 8326
9804 5486
2936 7239
264 4460
3955 1959
591 8688
8042 3193
5309 3170
63 1267
5073 5744
4038 9807
3549 4517
758 9356
7250 3052
4262 4945
5742 267
4512 3250
5641 8859
3633 4307
2012 5491
8946 3208
9602 9336
3251 3584
4900 4524
4706 3332
316 9932
6263 9753
3236 6695
8261 3368
2627 8447
3037 6457
73 9124
8463 4360
2088 1099
1393 3209
9658 6611
49 5369
7885 9233
8478 1577
5904 1175
6546 4290
8791 7590
423 9363
3404 1035
3550 4394
9283 1535
1551 422
2070 4129
2609 9718
1206 9147
9139 5617
1595 1491
4819 1670
1579 4115
6725 3640
1555 3446
4016 7715
9913 4444
9534 8617
7052 8587
9677 4318
1761 2916
9779 4526
3867 7322
5936 7362
8608 5382
3538 9015
2411 5562
9852 1861
5 283
6908 3309
1090 417
4676 5604
6867 107
1112 1938
3264 8267
6145 7310
2184 1045
2297 3670
6423 3373
9881 2810
3060 7450
7087 7436
1853 354
9115 4026
175 2887
4237 922
9794 9882
1691 3516
1678 1435
3558 5769
6860 9096
1155 4550
194 9694
6073 7004
8640 5613
1095 7773
8557 368
2416 125
2983 2880
1479 456
2115 9486
6138 6848
7048 9007
283 8727
1870 675
3473 4518
2315 452
2491 2942
5244 234
5825 9262
4959 8373
9929 7920
1487 3308
902 4560
9070 2486
6098 5742
5922 9720
9118 6266
2468 5294
5277 8159
9223 4915
3487 5751
3608 2068
400 9465
7952 8603
4177 4478
4045 6052
7375 2360
7685 8185
5237 8172
3965 5245
3135 7379
2904 9506
6223 2368
1050 2929
1073 9447
853 1146
9428 7216
8765 2645
634 6329
7320 2921
62 3363
7062 8918
2365 1970
5646 4441
8223 4042
2263 3130
8082 8542
894 9179
1083 9575
8836 5638
4076 87
5527 473
4902 8741
5524 4191
7513 3248
7267 5228
9561 584
9112 6453
7282 6537
2014 3483
5960 8016
4739 1331
9949 496
848 6021
3972 1274
5965 8320
6512 5601
4161 9984
3688 4377
3891 8924
4929 9536
1586 2344
4769 28
426 7162
363 9014
3256 3853
1687 7166
7703 5318
9213 7007
8136 4693
4225 5117
6892 3077
5180 5999
4942 2357
145 4751
6202 546
8456 8572
7922 3814
3788 2469
2132 9586
2582 1499
4171 8835
6720 4890
6980 7243
5093 41
1912 9765
8655 7770
7356 8107
5760 7562
2621 4093
7686 9481
5495 484
3032 1780
8694 6833
1474 9396
7064 3302
8579 7404
9138 3974
9330 5284
6676 5672
1005 1511
731 5279
3380 7772
8940 5293
2203 4185
3748 4736
8773 7257
9797 2830
1397 5607
1741 4019
8920 3548
3234 5961
6154 2535
2531 2764
2265 2065
2601 9141
5955 1222
5595 9151
2053 4177
5103 3027
583 4098
4705 5351
3505 218
1911 2036
531 1593
6085 2474
6925 3904
1296 9594
5608 2088
1592 1940
7283 7172
7779 3606
8375 7526
1497 6319
7317 1128
5286 8412
2031 8171
2039 1054
841 340
6687 1682
5007 4873
6565 124
6286 9798
7018 8659
926 5385
8929 8490
3203 3890
9065 2030
4504 8375
3681 8074
2473 4711
7887 6055
3328 6039
8745 812
7427 9833
5575 8645
1796 7169
9589 7669
3296 3663
9082 5633
9292 5648
7151 6776
6834 1341
4369 1318
8000 8058
1522 3580
8819 4150
3498 8273
5816 3188
4511 7337
1085 7499
1955 9727
4102 5155
9220 9463
2596 2119
1832 2694
572 1
2313 6712
8450 703
137 1259
9252 5996
9823 7059
8649 2069
2585 3145
876 4710
5326 9009
4974 1450
4069 2997
397 3266
6381 6722
9872 3654
3811 3901
9268 1813
2706 866
4859 6070
7736 6023
6719 8022
5133 4954
9033 8448
1794 4147
7080 5195
8725 9740
2186 7356
2001 9003
5446 5620
9166 7009
7490 5968
4774 9972
2810 382
8809 1990
6617 8146
1226 8030
4041 7950
1801 8967
6946 5474
1049 2188
3468 9354
1225 7032
9984 4064
4124 3550
9773 5715
6902 9578
2968 1489
7708 9914
30 2917
1312 1500
7004 425
9894 6863
5896 3528
9835 5875
5484 6265
3086 9864
9681 1665
1565 548
124 3331
7655 6081
5091 7865
1742 552
5792 9238
9720 7536
2130 337
1428 3791
9310 4548
2808 9777
91 9274
5444 8985
9491 5252
2391 8655
717 5678
8275 7952
7035 7840
3621 4588
5173 1755
7729 9339
3324 4896
7626 1845
2462 1070
3024 995
6870 4688
1970 1526
9842 9497
6724 2262
4654 9258
4066 8911
2703 7347
8451 1042
6810 4226
1334 8014
957 4233
2052 7440
1207 2526
7662 7420
7653 8317
487 8650
3534 8867
4464 1314
6995 5247
7370 4347
7581 7786
8862 2927
4524 3823
2930 9845
9783 80
2639 83
5649 9988
4740 3065
4245 7117
2959 9389
7764 678
9882 2109
6658 8626
2927 4633
8916 2433
164 8318
6922 2031
6505 8351
8944 1965
9055 3039
3714 2972
5616 4603
1233 9020
3197 6152
4466 2473
1 7349
612 9796
947 743
8602 9272
4033 3851
2474 8557
3199 6202
5677 1760
5537 1457
9841 6739
9331 282
1139 647
7277 9911
3841 3643
1238 5700
662 1217
9911 1215
7214 5256
712 9577
3175 3132
1186 6032
4594 8012
2633 4126
4556 2393
3188 2710
7022 4933
7268 7996
3514 503
5935 1268
7053 8503
2819 5061
9010 4399
3384 5799
6366 6760
5475 2029
3044 613
8356 6399
832 4618
405 4153
2075 129
3274 7744
8222 1759
109 8821
3301 415
8769 1826
5233 2698
186 7695
7306 4675
8019 477
9747 723
8992 3549
1840 5548
8449 4192
9896 759
5289 3482
9363 6632
7088 2182
3325 5914
1413 3666
2430 1015
9795 3284
8766 3326
1038 3064
4013 5416
2534 8057
2845 5356
7468 4102
4744 1842
825 7366
48 6340
1746 6172
6142 4116
5319 8535
5918 1601
8109 4202
9770 8304
1032 9755
4835 420
419 3770
4079 5167
8782 1302
4174 300
7466 1954
2176 9221
3429 5938
9200 5186
4784 2790
6340 932
6111 2091
1423 7396
2766 5857
2161 2148
8024 8939
8582 5743
3684 4477
5509 5024
7820 7355
9482 4
4287 9380
8175 6857
371 7977
1662 4077
9648 3049
7429 8183
528 2242
4328 6650
998 5157
4405 1188
4879 1086
1135 9041
5736 1790
3321 7053
862 8589
1486 8946
916 1854
3187 2617
5040 1720
4521 59
70 1724
9950 4653
1616 2844
368 2974
6335 7085
8472 6895
665 4087
3731 1375
8113 4690
6683 4031
2873 419
4579 5931
2714 9200
81 9504
2826 7680
2025 2984
2557 2901
989 974
7625 9995
4516 5192
9419 2426
1606 9849
5906 1888
778 2823
1839 6558
3107 4634
446 7024
8935 6386
7229 4620
2712 4260
1596 9101
3294 3919
3789 1686
2097 6932
2252 2691
6998 4142
6403 6970
643 4827
4718 4835
3167 3454
3093 7241
8759 6907
3845 1753
5500 4152
41 1158
2735 4549
8990 9857
1263 2238
1114 8678
9423 4194
6472 8851
714 2173
5883 4937
9998 9793
2496 7173
3834 1263
4198 4215
9078 4299
8094 7856
6600 3124
9001 6336
9628 1690
1467 1934
2493 4469
9892 9202
402 1252
229 6987
9609 3873
173 981
9768 5872
9973 4223
3252 5925
44 6964
9382 8871
6942 4368
7734 6586
9597 4145
9291 3865
9464 6138
8016 2774
4839 2461
8594 2133
3305 3328
2876 3140
9368 3726
9724 567
467 2618
4434 5352
3665 4599
6164 4182
2584 8814
12 1884
336 5008
9343 8481
8998 9992
4352 8000
4747 268
9454 4474
8210 8196
8197 2306
9581 1873
9226 9576
5913 5974
451 9822
1806 7078
9360 4038
4258 6311
4188 3593
147 1591
5719 8964
619 6087
8159 5360
203 5148
5454 4758
7366 5271
2037 7543
891 627
3204 8108
2257 6805
3603 826
8191 706
2121 8849
2987 9048
991 5646
4614 9047
2373 7483
5390 8142
8564 5119
8229 7884
9189 2380
4989 3909
2581 8347
2437 9212
5290 6462
9239 4309
2720 6470
5462 1937
709 2275
6772 2241
3312 8520
9910 2520
8243 7658
8329 7655
2173 1640
7718 4502
1132 3471
8439 3518
9880 3985
5407 6490
5088 1869
1620 7619
5699 9464
3266 7585
9854 9944
1818 9444
4389 7495
893 8487
5059 8453
3360 7702
6679 9160
3437 3030
2670 5187
7361 3133
8220 2879
649 2707
8877 4003
2669 6171
4098 8672
8246 4104
6530 1712
89 5404
4260 3143
9313 7391
5514 9564
9083 3417
5872 1654
8540 1746
4867 1026
2310 4101
7876 348
9406 2387
7754 3229
8518 4623
7926 9980
1638 9231
7915 5997
9535 6737
4342 3587
935 7493
9297 2379
4164 4063
8775 2955
2383 7600
3489 2853
453 6231
1748 4343
5720 7785
2322 5310
393 6156
6097 1229
1335 2427
1091 1626
1936 3481
8270 35
9089 1264
2521 8549
5098 1757
183 9474
6321 7456
7181 3362
8558 7524
8887 5084
2967 434
1465 1462
3866 631
5245 772
7575 6719
6007 1872
311 3559
9521 4325
8112 3358
105 9182
5332 6115
1290 4062
9004 4625
3683 8334
291 8228
1173 685
3786 653
5850 643
7698 1914
5266 2976
6330 3192
9926 9615
7726 674
6931 1173
7305 8029
1846 9816
8124 9903
2289 3546
1344 611
4167 6534
8129 319
3458 2468
2034 7033
1316 625
3826 6756
2055 9385
4850 8237
6706 9413
8208 3682
1648 1543
569 4844
5463 8715
9688 8734
6180 5396
4043 2272
6899 9706
6287 6183
53 2900
3045 1870
9618 122
9781 8295
9687 5609
1209 640
5225 2683
705 8583
8385 4400
1079 8007
8410 9054
4168 278
2175 8840
6058 5803
818 1227
5565 6794
7328 9452
9296 311
2138 913
7264 1789
8799 4188
4309 9438
2685 4925
4255 4254
3465 380
7971 9710
7118 1762
9528 6982
8706 6564
1881 1658
2149 4579
7333 6303
3544 9436
6431 3004
2162 4316
8542 2874
8089 6608
2946 8138
499 4166
5352 6378
6136 5737
263 3420
3524 3557
6424 4709
7481 3390
3763 5387
8205 9414
4755 1136
9943 1022
4298 1701
4170 8442
6216 7549
1151 1909
332 5709
5101 3476
2828 7284
1100 3469
698 469
788 5391
4302 2205
9030 8265
8186 4157
4481 2639
7510 6545
37 8685
7332 6790
7483 358
8864 2446
6040 704
2761 9050
4965 3325
4317 207
2432 2843
6269 8131
9177 1580
9508 8545
7738 6168
5348 2539
3982 6362
8237 285
1674 1905
5702 6996
888 8773
7070 474
8093 6892
1957 3186
4914 2788
7743 5924
8607 596
428 6925
3080 8922
8226 7550
4789 7441
2417 3764
4113 2924
14 1466
2226 1171
7242 6974
3555 8082
6751 1660
864 7906
9995 9784
4075 9544
4988 3697
4291 7871
7027 7665
6858 6665
4350 1552
1894 4817
6168 4437
5325 154
1737 5551
2216 4621
5967 1195
2700 6527
8820 5833
9787 5312
351 7887
5354 8395
8692 4729
1829 6669
4196 4606
1971 2820
799 2902
4823 7897
8978 5797
9407 2020
5433 6195
6294 6740
6824 1470
9155 9950
632 3290
1969 5591
6456 6058
8956 2494
7605 9970
3752 4244
751 2341
9169 8277
9063 4615
8784 314
2389 2907
7090 8523
5337 8768
523 2787
1857 4270
6556 7088
1670 9360
7272 1921
3313 9827
9017 8162
375 8866
9546 7182
7185 3752
824 752
3308 4001
2943 5456
2339 5628
7742 884
1540 895
2154 1756
7119 72
5932 4117
1269 3870
5519 9290
286 8232
2461 1865
5835 9880
6702 8747
2447 8263
996 7215
6653 4263
9704 2667
9027 1323
5891 646
6838 9788
7365 2352
4040 2118
1264 937
1075 5991
1509 7169
2598 2142
5901 2017
9838 6425
7635 5006
8592 9915
3442 2042
9900 2653
7227 4078
9969 7636
3373 8454
2667 6282
9276 876
8213 2231
9721 8811
5135 4022
1864 4552
6252 1411
2695 4027
4513 764
4821 2860
5657 7843
9965 9989
1152 2239
1725 1163
754 1247
8471 7006
4221 5499
322 5270
5184 7519
7132 5767
2035 2475
7399 9248
9902 4060
7234 8855
7866 6015
1084 5595
9651 6823
1156 1827
4679 7399
6709 4556
7819 2569
3954 8581
6404 1399
9904 8914
6846 8387
9701 7302
7237 8103
9550 6556
7807 3057
5528 8524
1321 3690
5291 7119
2234 4856
7431 5795
6133 9348
2404 5002
5123 8575
3341 8430
7437 6404
5492 2218
6210 5151
484 9216
6985 4881
7034 4281
682 7747
7606 2650
3241 9574
3685 8238
6050 6471
7124 4760
3191 1093
6429 7761
6353 310
4627 5159
6380 2283
5755 6936
1362 7043
1066 8297
5089 1211
5797 3798
6550 465
245 223
2494 9558
3535 4932
6125 1220
212 7309
3992 6350
8418 4940
1848 1570
5722 1893
2707 2708
7339 2551
4773 6917
7416 8150
2024 9185
1612 7617
6236 1064
3745 553
4674 8002
4647 9285
1547 6433
5430 3217
4005 9194
4286 2343
1307 5485
563 4829
6283 8658
1298 3338
8932 5224
1800 9775
5231 9057
7740 8745
4508 5154
7997 4239
5085 3736
7084 4471
7123 8605
5498 3743
8781 8319
9988 9219
668 9933
6771 5602
1021 5986
2017 2207
7867 8410
6828 1169
6559 103
9049 4143
3231 2813
4670 2587
2980 4369
2901 5580
7126 8408
7443 8671
2330 3048
5084 8564
3810 655
7682 1834
8551 3842
1236 561
3372 9634
5625 4782
5886 110
913 8073
3995 1410
5680 9171
4193 4009
6562 2237
5511 5324
9125 9711
8829 7287
9654 3501
5864 7315
7749 8633
2144 2689
3027 941
6808 7230
2028 7040
4945 6540
750 9609
847 8186
1886 5267
4078 2349
4320 153
9567 4798
8338 799
7567 7936
8633 9639
4716 7511
443 6765
4017 5849
9042 911
7542 4649
1137 2821
1351 304
5799 7903
8670 864
803 4978
7148 8634
1455 5307
2825 4918
9452 8060
4807 8149
1009 7815
355 4895
7899 7712
6273 2416
1495 7220
125 6175
2069 5469
602 2876
9568 6789
1418 2434
3646 5731
5367 4172
188 8193
3059 8750
9964 3715
4256 6184
3480 700
354 8336
7117 5160
7400 4219
2708 7791
6848 5034
9776 2353
1680 4943
7195 5746
6538 7353
2988 4555
6434 8302
969 3317
630 6849
831 1725
9540 1023
3802 8777
773 7129
3393 878
5884 3620
3640 9514
1834 320
4249 1754
8988 3410
7517 1069
3830 5058
2829 3461
5168 8956
6648 3496
2483 8122
5946 2027
2334 789
5080 1969
9853 9593
9728 4342
2590 8820
319 4748
9617 7374
4701 3464
1598 7331
4847 9651
6447 3989
3043 8668
4681 8857
8917 5688
3722 3671
8303 1856
7960 5327
9878 7092
221 9635
9772 5598
4054 7916
9666 6468
695 4044
5518 6641
3835 3912
5058 8477
6516 4612
3600 199
3756 7105
6961 4725
7420 2007
8966 2403
6200 7072
9337 4014
4139 1219
3298 9835
7164 6592
5826 4983
5221 4197
7853 8514
8964 3380
2727 1711
7496 720
1451 3305
455 2948
9378 2556
3096 6064
8397 5445
830 8459
6110 9065
5037 8467
3968 8450
868 1621
3956 1025
2194 388
3729 8388
8114 3059
8555 8854
9308 9805
4853 5544
6733 192
3551 8720
5481 5818
9948 9996
6130 9091
3127 6674
2543 3746
3639 3055
7753 5076
3854 8207
5274 714
1799 2114
2307 2831
345 3243
8744 4712
3365 9738
6237 7924
3657 1006
2632 7929
4086 8078
2388 1286
2540 2949
6835 4719
9754 9527
2080 8606
3063 9322
7946 574
8684 9174
3370 3162
3432 3759
2079 5320
2889 933
2434 9942
7665 6066
1688 8406
2377 3191
1643 7487
8061 5116
6962 9417
1071 9860
7627 5099
3327 9218
6814 9335
8671 6197
7907 8972
3564 5248
6792 6893
1141 9815
6525 2946
9481 8897
1968 9062
8012 3356
9806 8712
5752 6589
6043 251
8103 1566
8304 3869
2709 8380
9633 5989
4190 2661
4202 101
4947 8694
9401 8550
2139 1057
7359 130
1078 8174
3379 5040
4917 7373
6669 7888
7241 9111
3134 3862
6301 2552
9499 7913
5888 7809
98 2256
9199 1525
8840 1207
9746 9974
791 8868
4355 6816
7669 5497
9376 9109
9054 5533
7355 2261
144 2746
6773 4020
707 9431
6519 2838
3753 3222
5083 2291
5750 9625
5796 4921
1549 7447
8638 1770
7911 2807
7095 8930
2774 8885
9649 1838
1103 2701
2153 5033
3611 8224
7875 128
6681 2428
524 753
8865 4880
921 953
9614 1836
7609 7372
2227 6733
721 2408
1491 7225
9934 9193
3932 8391
4644 7060
2418 3357
8913 4635
7584 8354
395 2014
9765 9205
213 6731
5284 1691
7287 9672
6852 9172
4368 8629
8297 3713
724 6533
189 5514
1515 4852
4872 4134
4150 8861
9320 1773
8026 9031
774 7496
2760 7892
7815 1166
3794 6800
2874 8916
9307 8458
8466 3577
7224 8043
2773 9747
248 8231
3601 4049
3997 7269
942 7424
7274 5190
8384 778
5316 3970
3513 386
7569 4190
3273 9232
5360 1446
3140 3459
2644 3568
7594 7130
9250 6783
6104 751
8233 5676
3130 448
3985 3905
6169 6588
6262 843
1708 7678
9034 6793
3596 6594
7733 7616
5373 559
4613 291
6428 4771
99 719
7978 3416
9470 6126
8888 6308
8514 7097
8918 8553
1340 5243
6522 9529
9300 176
7150 9570
8611 7937
8910 5202
9774 3434
8748 375
8455 769
1812 7534
5925 6590
3289 8921
5581 9470
5125 6333
6558 49
8538 7384
1732 3228
1064 1363
3717 1553
9686 9889
1245 904
7623 794
1525 2189
6157 3996
5637 1400
8097 4470
3945 1750
5975 1867
9011 7095
8264 8230
214 782
3212 4867
3105 395
6748 1744
9641 5096
2886 3294
8762 7788
7688 7976
3620 7299
9425 114
5167 7080
8883 702
4034 2271
7217 2605
1810 1967
5276 7463
5479 5699
798 5001
5317 1113
396 1289
5569 3293
8106 9792
3348 5571
2883 4184
6218 4732
3825 532
9748 1788
4855 1258
3440 5747
9372 3457
4441 4784
1926 2423
2869 9590
1685 3176
9775 5542
5841 9451
8402 5756
917 4225
6895 2149
2167 8944
3455 3747
8354 8907
7478 6245
3385 840
6884 3494
6944 1303
412 7820
1058 1373
7003 1233
8371 9489
2571 3252
6209 8321
2005 5675
7103 9868
4629 2567
3888 5712
3020 982
6527 4135
4018 4402
8617 4636
7215 1311
7624 5501
8499 3616
769 2673
1973 187
2815 6170
5107 9025
2212 8283
8337 6773
987 3615
9802 4052
6144 1912
75 7930
1717 821
1539 2891
1375 3617
1319 48
5756 8813
1029 9878
961 6455
1714 8794
9518 4085
9141 8104
2085 3314
7086 4438
6823 1324
1888 1121
4047 5280
2648 4803
7254 8974
1382 3936
7938 8554
5300 9698
4186 620
575 6013
6481 5015
9889 7557
247 8708
3590 6796
3994 5067
1162 498
9301 833
1208 6296
6477 4205
4055 5998
339 4057
1820 3605
4921 2398
1446 9870
9809 1043
4339 5032
4407 325
5612 393
8682 3078
3704 7385
7986 4146
2604 4578
5766 2545
7509 1656
6561 3311
1285 6707
8850 305
9456 9196
5000 3384
8709 1378
7893 6219
2089 3722
8679 1628
3986 7369
8635 9255
5689 1605
6526 7706
8230 1339
954 6363
6170 6210
4543 4458
1241 784
9477 7662
3058 6099
5781 463
4173 7798
3164 5011
6715 2024
4905 2178
7829 2915
3126 6053
5451 8905
883 3992
4692 2259
6008 1337
907 3095
2986 8673
6830 6042
4892 7955
1359 7635
8346 4386
1001 8076
1480 1983
3478 2154
9915 3971
4826 7402
559 9427
3409 1882
5659 8191
2247 499
5802 664
9335 2730
8318 260
8288 7869
1751 1835
4400 4385
1962 9223
4361 2011
4635 7134
7912 6679
3918 4138
7329 4349
8783 3714
4253 1134
8854 3725
5664 1741
4984 6305
6029 3413
2105 2622
8252 6804
2507 5258
3494 6151
8578 6252
3343 1898
4798 1585
9067 3578
277 5009
8665 5242
7988 7647
4866 4350
4359 8167
7793 8009
3829 8128
7170 7045
7523 3316
2276 5041
1247 3195
654 2117
4001 5801
2937 2419
1951 9556
8242 6689
5560 2264
7728 5448
7850 6328
8221 7273
618 1423
5852 9177
6080 356
1034 2266
5461 312
5877 6125
7288 7876
5982 8475
3181 3035
3862 4403
2107 9361
2043 3888
4703 6847
5663 5306
6243 6382
1909 2369
1067 487
3390 4110
3089 9991
5700 5547
432 5706
4050 1197
2623 1251
7238 3855
1700 7958
948 3916
2626 247
8823 1649
8286 9067
884 5932
9134 3421
1896 7694
5930 9169
2917 754
8419 6027
4560 5399
9511 4201
9647 1328
2672 3893
7051 4459
82 3351
202 1800
1431 2815
964 9624
8052 106
448 7664
9726 5713
1379 8417
9596 9340
3011 8451
2205 3843
2199 9598
9740 9469
2686 9752
3282 1996
8614 6572
3133 5871
6625 9029
9066 5238
2135 3950
1108 1055
8927 2018
6479 5166
1016 4506
993 2849
8673 5901
9925 4238
734 2435
7678 8895
5994 3220
5230 5299
2772 2096
5999 588
4080 8241
4684 3183
3048 9926
5674 3257
5916 3762
7083 5824
7507 564
6540 6753
8152 2941
616 2003
2295 360
1750 9805
3529 8413
6267 1441
1546 7994
5629 301
9178 4374
9875 52
407 9042
4323 8106
9198 1414
2877 6810
5812 1319
8960 9953
6975 7969
919 1950
8937 9184
3184 1729
232 3997
7206 2356
5301 2013
2970 6728
1098 7904
59 9743
8659 4763
3957 5884
2698 2928
1177 3755
5404 2780
2249 7189
3658 2629
8029 963
51 198
2332 7161
5421 5466
2191 2019
5540 3249
7014 1199
2393 111
5989 5866
2673 1752
2459 5805
7066 1127
3625 9393
352 3675
6355 6579
7940 6896
3660 2471
9813 1367
7739 607
4156 2166
6445 2852
1730 9013
2367 5070
2787 9907
7325 7313
2715 6283
3853 7922
5746 4878
172 6599
1020 6145
4104 1919
6382 6730
9277 2978
6131 9100
866 1706
6854 5022
571 9666
8030 9575
5686 9757
8362 3456
6137 5582
6192 618
2169 8070
6155 5662
3800 1352
7401 8361
9395 7784
1219 6786
4565 2504
747 8836
7981 9121
8259 4218
5194 2120
9221 4818
5324 2373
6102 5976
8267 8676
54 9531
6094 4762
4292 5630
3284 4140
8522 948
216 5816
753 164
9241 7860
9693 4533
6939 1312
8740 8184
5138 353
4103 2636
7406 6971
1130 6872
6047 3711
3154 7532
3610 3940
8521 5934
7348 4103
7909 6201
1133 2413
6623 9517
8292 6385
9044 1415
6820 4543
1424 7971
4631 3792
2682 4854
6701 7520
2583 3154
266 9840
1309 4122
3869 3634
1915 2112
5717 6725
843 7236
243 3128
1651 1428
8283 7547
2058 3504
9661 3594
7200 2081
8464 591
7702 6244
5013 7804
8467 6615
5397 869
3136 9469
3695 8407
1147 5804
5428 1271
9914 2089
6786 4632
9870 257
8074 4381
130 8135
4901 8340
6929 2837
9790 9343
4201 1676
6282 9312
3759 3627
8590 3472
6356 1262
9833 8202
9149 8466
3444 1569
7421 3394
207 5430
9946 8226
2122 3395
1984 433
4180 2046
8793 239
6486 8386
1878 3796
3428 1862
9441 4772
398 492
3879 3018
4503 9736
6371 2798
3054 599
4429 5179
4827 436
8698 6406
4619 6316
6191 4624
8366 945
7321 3655
7246 6609
3249 9758
5249 9082
1833 770
2256 7485
1129 3460
9133 1721
3659 7099
4653 8053
5963 1518
1205 4930
1675 8485
9243 8126
7643 825
5639 6176
179 4110
9566 5233
1928 4876
790 731
3232 8254
5848 835
586 6038
5115 9766
5632 2015
8416 6828
1875 3024
6107 2376
3844 418
2455 5323
4111 1459
1268 6095
1472 5664
2002 8532
1877 1678
7529 6077
4688 9922
7995 3157
4939 2248
4519 7219
2768 8858
6361 8646
4408 4805
8021 3835
2628 2221
6746 6745
9668 5384
2427 1617
9495 8274
1116 9330
943 4128
9453 5656
6937 2388
9818 8601
7620 4834
7550 6639
9411 8379
7110 7290
9884 4858
8185 1118
702 8937
8119 1792
6491 6459
4986 8160
606 516
2302 5295
7398 7305
1315 9802
3848 1027
4414 2226
9465 2336
4307 1944
5177 4059
516 7294
4649 775
3257 9662
974 7589
4949 4650
7137 7272
3509 8018
2971 1974
7281 8824
7923 4670
650 9560
2376 9806
5665 8789
6034 1356
2613 2410
9994 3815
219 1849
9968 1815
1040 4002
1756 7056
500 466
9167 5766
1578 5970
1654 5035
2325 5720
7904 4036
7464 1510
120 4840
5749 9756
2366 1587
5116 943
4876 2979
8163 5691
3400 9682
361 6850
5415 6421
8568 5269
8728 9352
4306 1929
4722 1205
849 6446
1218 3930
2238 3856
3287 349
406 6978
9132 8740
7680 6612
9986 11
8087 7551
3475 9929
6345 1178
8984 8585
1361 2542
1069 1090
6217 8157
856 6264
1667 7529
9324 4813
6659 638
8686 6411
3963 374
6627 7700
9786 977
5734 6870
703 7850
4505 5552
8939 2832
8646 9097
7043 2063
9744 55
8968 3749
8546 4792
5280 747
5477 4788
4421 4496
474 3782
4146 5508
5535 1404
142 7005
8321 6390
1223 7981
9891 5689
5383 7304
3612 4361
2412 3560
9640 8680
7097 3007
2975 9128
8498 2889
2092 4731
2146 5161
4090 9861
5204 9930
9565 3982
3935 3321
5070 8498
4391 3301
6495 9329
4246 7348
2403 6299
2657 5126
9864 4718
8710 7094
6806 2061
9396 8596
5385 3994
4608 9668
1185 3692
1887 47
2253 3475
1937 7726
6450 8305
2888 3899
5712 1635
1460 6180
6402 2202
1779 9895
9662 8175
4696 6959
3969 1771
8843 1641
3649 993
1557 1677
8045 3072
6744 3477
3597 5003
594 2414
5599 7320
2548 294
1564 9314
2064 7263
761 7624
7856 9550
9560 7488
5339 920
7647 1797
7884 1483
7695 5383
2541 9934
7771 8422
3333 3748
6222 4094
2655 8411
8771 8925
4191 4975
8625 4021
5568 2715
1417 1639
309 6937
1036 8465
8301 3389
2050 6161
8370 2593
1401 162
3677 7603
940 2808
7054 7943
9975 3099
5038 8072
7927 2121
596 7086
1774 7156
1570 9689
413 7061
8985 6957
8494 166
4843 633
6954 2405
621 5651
2751 9315
4279 6526
2185 6792
9377 4643
7197 2674
9885 7260
1006 5140
9918 231
7902 8732
8274 5513
2021 7237
8309 9641
5282 8400
8090 5780
1392 3642
5140 3946
6836 135
8277 898
6958 17
1625 3844
1736 3490
5778 3737
2448 6254
2994 9388
2215 4505
5757 8445
2690 1548
820 8140
4248 2250
5587 3967
582 5482
5953 150
2074 1623
7524 6693
9327 8577
4577 2826
7917 5892
6941 7139
6759 4749
1291 9962
3004 2866
7512 7255
1617 7231
6304 8598
6700 6648
1217 6571
4329 1911
4630 5946
7334 1603
1588 1597
5962 8609
9265 539
45 5928
8595 2514
2629 2141
794 2203
4449 5683
7337 3430
6062 1192
4039 5899
7013 850
9626 4175
8154 5695
1771 342
711 8889
7278 6649
4861 1327
8400 9284
9349 5250
2271 5667
834 341
7463 5087
912 9971
7209 3272
922 2235
4491 2835
5062 96
8027 4542
1695 2857
7326 6229
9810 7501
6972 4923
7560 7142
2949 7051
2402 4069
9933 443
4961 6888
5178 335
5544 9306
5408 8069
3263 2394
6224 4040
7477 1534
9830 5316
6950 1971
3302 8573
4165 3474
4270 4597
4377 2074
7587 4904
5832 6500
6777 4823
914 7259
3309 8253
1403 2010
1468 7881
548 5730
5389 856
5210 2472
1224 3319
8122 7651
7249 2734
3247 6344
5541 4866
3536 8838
5891 6357
3609 9088
3602 921
5988 1131
238 4819
9366 7021
2209 5515
2394 3680
4957 86
3413 8675
4331 7323
1983 7782
1415 4609
7091 57
610 4630
5696 509
1117 4005
9420 9157
6795 8807
3399 746
533 6861
2032 8292
3797 4714
1724 961
1518 1031
2396 3125
9304 9293
6613 7002
3090 7150
1658 2033
1619 4929
4200 6813
8965 170
7368 2164
8033 3431
5476 592
5427 871
9383 6696
8700 8113
4611 6698
5242 1604
1958 2500
5216 3539
997 3928
482 3513
4824 6434
4261 4247
1805 6294
2775 2654
860 7837
2294 9789
5729 3069
6134 4047
738 2529
697 5950
1608 4735
3359 2652
6324 3245
3575 1551
5496 5059
765 8217
3342 5549
776 8887
1496 1980
8650 8080
3215 6292
4314 3790
8198 9888
1355 9573
9073 3169
9438 7044
3003 8706
8512 621
6099 8409
3139 9346
9334 3281
595 8913
1994 1821
9124 3318
8278 1299
6856 8368
511 9225
385 6366
2119 7846
3186 8716
5202 1413
4794 1805
3363 2705
9408 9960
7506 9804
5212 6672
2027 2575
3081 2100
2587 1540
357 5181
9967 1160
9953 8670
7130 8571
1966 8367
2995 5726
2907 3761
6458 765
6957 9387
7497 1456
6426 1932
6528 6568
7101 3977
2445 550
8687 6566
4172 3669
1720 7946
1602 2
6198 7656
139 3824
7882 2776
3815 3555
1797 6133
184 9969
854 8666
4123 4585
6101 4521
1322 4611
8548 3858
3406 7719
378 2964
507 1880
383 1931
9906 7038
2982 2302
4868 1122
6913 1111
7958 1150
1281 8067
7998 2073
2830 1651
9714 7751
3760 3542
3792 8311
8194 5222
2004 8180
2902 7197
2157 2759
8459 8097
16 4418
8476 8975
3840 2174
9868 1305
1786 2836
5656 7882
6160 1891
8569 7343
6054 6129
952 1716
9094 1306
4863 12
1292 5669
5838 7569
8207 6553
6762 4899
6921 7673
4085 4387
4588 5541
5611 6713
6690 9090
6320 3984
408 3812
1262 4794
3526 7538
2736 1082
9412 8260
716 718
9270 2562
7233 2749
7959 3793
3331 2589
4846 8713
9503 6431
9244 3375
4470 5342
8269 5763
1150 9548
6811 5977
7324 1761
8373 1039
3517 7544
9947 316
2042 5564
2563 2515
5585 3891
237 5329
4143 5642
3718 7875
6768 2161
8596 9269
4997 7062
2755 9696
1489 6869
9187 6831
4962 6630
4895 4426
8629 7206
9130 1451
3222 5037
8869 2160
8837 13
3936 5092
5363 8385
3387 228
661 7951
1744 9606
5121 8647
4651 5272
2653 4253
1014 522
8339 5095
7138 6169
1170 4285
9238 6392
1184 9166
4460 9875
4056 232
2790 3341
4801 8683
5928 975
8810 197
6327 5878
588 9176
9621 5403
4497 4699
2202 738
7228 3348
2637 9844
9282 3353
7489 4791
8543 6530
9024 2429
4346 5597
6420 989
4605 3451
9595 1531
9711 184
6904 1486
9102 837
2588 9831
4383 63
7023 2599
2717 2053
15 4294
647 7467
4455 5277
3396 5856
7255 1065
5714 1420
3971 1194
6977 1449
1813 6449
5215 3226
2020 8966
3741 5375
759 1214
9487 9242
3157 5855
2165 3244
6880 327
7948 4341
7397 2615
897 3531
3109 7039
7919 6185
3192 5952
431 6501
6233 4220
8312 9547
9409 1890
9480 8541
8661 1482
7614 2914
9831 4626
8739 2116
8674 2646
5124 5536
4765 8738
2077 1085
3158 6157
3592 2236
9639 4356
5359 6902
8105 6602
5357 6079
97 709
8835 7221
6634 4832
8519 4235
4537 1390
1332 7993
4733 1358
1972 9605
169 3652
7108 5732
8930 2856
2560 3689
5452 4486
7553 5083
9529 9728
5908 4655
6261 212
9971 8536
9191 2351
3483 6606
7897 6028
356 2770
1051 2155
2386 4544
8878 2534
592 7434
6781 7397
2546 8201
6488 3643
8235 8654
5820 5286
8486 7081
7612 6775
9312 9144
6149 4499
116 7380
8430 4139
384 1454
5260 6260
7812 4283
5747 8316
1346 6492
821 8369
6173 2549
690 3409
3142 4449
3617 1618
3980 3155
7732 2168
8381 361
9197 4814
8544 5133
5745 5512
7657 1575
6656 2064
6305 5973
4841 2170
7340 6218
9543 5990
4586 9428
1849 7071
611 4033
1901 2550
600 2323
2378 5149
3087 7329
9158 3943
6427 2937
5453 146
6275 1041
5716 7242
6590 9954
5079 4969
5054 7703
1000 7615
5447 5868
4444 3467
9619 7187
6126 7275
6314 7627
7570 483
7534 992
3928 3778
416 6940
8158 8660
3680 673
9449 1734
2291 8333
5546 3333
7032 8505
1501 1329
6406 1288
6889 8999
8923 25
5246 6160
4203 98
8011 9030
7354 4974
1506 4997
982 5761
6367 6963
3207 8476
6635 5848
9761 1936
9729 8402
2509 6301
2071 9855
7525 9156
8117 3433
4968 2288
8524 966
9153 9679
3028 9371
4890 8096
9214 9364
9551 8017
9097 2447
340 6428
2759 8808
9922 60
4648 6874
812 6811
3554 979
8735 8
5031 2361
756 7207
1859 5841
3484 5019
8834 265
7664 7552
4226 2016
3163 3020
2537 5569
7055 5826
6612 7481
5226 7836
6518 8216
7579 1379
8798 9028
9691 8718
718 946
9228 6536
8234 956
9571 4274
4266 8539
1445 19
5725 8643
1701 4941
6885 3204
4458 2477
7854 4445
2973 2952
4795 5333
2848 2725
5846 7878
8618 5789
4084 5305
1722 9733
6611 7468
4009 4875
2778 9106
8429 9562
7539 5502
6006 9095
7568 2996
4712 4414
1621 1879
6069 2492
7641 3887
8051 8248
7369 6778
6455 6567
3405 9425
2710 7750
1056 401
2190 6026
1440 6495
8574 556
1187 1579
829 8279
8962 3934
7547 3724
4022 3612
8172 3638
6537 1963
2898 7432
9322 5698
3319 7416
8394 8701
5272 3054
6309 9301
7714 4275
8660 998
2408 6460
4548 39
4693 7660
5770 3538
8589 3924
5074 7209
6152 2312
3280 7151
6622 916
7491 7502
1956 9462
671 9659
816 763
2345 6966
9325 56
8743 5260
3710 51
6774 9949
5731 9175
1925 6251
1146 6575
8860 175
6100 9006
1718 9650
4811 5540
1336 5622
4448 169
2921 2409
1011 9297
4461 5725
5655 6358
2406 3636
4100 8272
3605 9117
4996 4240
1144 2846
9916 4337
5679 1748
7964 4928
4148 3505
1663 5418
5146 5915
5474 823
8035 6342
4197 9300
6363 3914
2520 6866
670 4121
9317 4534
8715 9461
2068 3610
9796 9494
1998 8270
8357 4955
4969 9604
2409 4207
640 196
2306 1157
2999 8148
7411 140
2957 4074
4483 5707
7141 8551
9525 3735
725 1100
3339 4050
327 8936
6523 5080
8003 8056
2152 5590
6064 9658
949 7563
8501 151
3785 2183
5502 9213
2283 8608
8839 1360
1563 3607
930 8782
5250 6980
9410 6348
4749 3262
3218 8816
9473 7334
7425 8796
2355 8664
4852 9607
3828 5191
992 444
1213 8537
2864 5779
4834 9832
6348 1482
8996 1820
8401 7019
5108 1846
4035 6561
36 2712
5578 4028
5728 1101
2134 5355
6148 9948
1442 736
1378 1343
304 8020
8993 6900
4347 8098
4382 7462
4289 145
2033 4841
1228 7509
1330 241
1037 7115
4153 2596
5977 5967
4049 6714
5145 1899
1978 7232
475 5577
5042 6885
924 1300
7672 6103
1883 8982
3822 6302
5924 4674
5899 737
7058 1279
9295 5362
4617 527
6930 2510
933 6623
3686 7866
4189 909
5870 3508
4637 9107
154 3110
7646 6076
5805 9057
8376 5088
2158 3629
3559 3660
4584 6262
7192 1092
8712 3198
9655 309
3286 3864
9293 4812
4902 445
4633 8843
2807 2210
8997 3592
5263 6998
1004 8729
7455 3973
3208 1418
6117 5673
2737 6634
9756 1920
4707 1897
852 8584
3567 9037
6128 3067
6861 4193
3518 8774
444 661
4572 276
4636 8086
2151 7132
692 7956
2914 5860
936 886
635 5587
8164 9367
8393 860
2747 5503
1343 569
9725 3381
7474 8257
9006 5268
6608 1889
6529 4608
4469 756
8500 4430
7767 6705
4121 2935
9752 5227
9556 7578
970 2455
4856 5274
2428 1304
8308 6864
1811 4198
6509 671
4550 171
3330 1868
2744 3330
9982 1080
4770 7711
9183 7721
3136 3335
3482 4889
2813 160
6057 7188
337 4821
4042 7671
2636 3567
9451 6074
5774 8943
8804 1393
4413 4434
6776 6997
1419 5313
6442 7228
6478 8247
3832 2026
7257 3264
903 3951
4822 2043
1202 2245
2718 3681
1585 3614
4159 4155
5973 3499
5036 1231
3762 698
6307 8795
5379 44
1932 3720
5106 3986
399 7475
663 9310
7335 713
9165 4861
7223 5908
8323 134
2963 7530
6766 6493
65 437
6839 7591
4874 1645
3735 6741
7838 6962
4175 240
2460 7335
6337 3221
7844 1503
3346 1269
1792 6146
3824 1606
8980 6600
1783 5916
3470 976
3914 3280
2395 3493
8963 3098
5175 1648
6072 2152
8807 9000
7999 9703
3908 1584
7775 9592
7675 3902
3094 1837
8144 8527
8688 3387
5840 6247
1365 61
1603 519
3546 2082
967 5655
7251 1073
8756 7141
3820 8651
9229 8494
6919 4501
4708 1692
2380 1687
2843 186
7870 2570
3661 4008
9043 8992
31 5353
7967 3837
4972 3929
4719 511
4065 2460
1554 7620
5964 8339
4626 4320
4673 8965
9104 9663
648 5241
7868 7926
6890 8886
3239 5529
1647 2784
5393 9763
5478 8642
2569 2771
9844 4730
9643 3688
9690 4799
5248 5414
7784 3123
2489 6295
1293 227
6606 4678
8893 5791
6535 6102
5368 1292
4898 2619
8386 9016
3116 8145
2160 7068
6765 5421
508 5685
9400 292
7977 3477
7314 500
2112 9186
8788 8484
5419 9803
5181 4888
176 968
6829 7083
7457 7923
8242 5139
5313 810
2390 528
7415 4545
6325 5940
9555 2370
2884 5377
5252 3806
8314 5981
6212 1091
7447 2816
9706 5347
6052 3336
8413 3541
1305 5231
8398 4280
6326 3942
9858 5603
5510 3011
1766 1110
1119 2920
282 4450
8609 2904
430 4245
2080 3116
4566 6222
1587 5311
8473 3485
2923 4766
7172 222
3153 238
8047 8377
1703 281
3645 1512
660 6652
8509 123
9579 9516
9288 1066
1212 8531
8433 3601
5413 5621
2996 1389
4060 3609
8504 9810
7761 2681
2201 2009
1414 3767
3216 5949
4087 36
8701 4442
704 5979
8331 4076
1784 7873
8534 3187
4683 3371
1946 1216
7475 5407
858 7471
6288 7090
5830 5425
7896 9247
7994 9772
2499 5933
4004 5209
2692 5865
4845 5198
1350 8978
5480 863
2142 8355
6499 385
6663 7684
5934 4055
7452 797
1830 4901
2260 7295
9116 1694
513 8153
4301 7639
2011 9707
6740 7774
6106 6397
7699 3219
6647 2677
797 3694
3548 2358
2360 9509
1048 5640
3864 9189
2251 7939
7377 6610
2312 45
2951 4258
2287 6269
7886 9268
1895 902
8305 7118
6560 7283
3441 6627
6201 3445
7120 1452
2148 2568
8250 1695
9549 1693
1266 82
8818 9799
3562 3976
1157 33
781 1201
6123 3526
103 1715
9847 5793
8133 3146
6147 6036
5566 3303
8055 5957
9531 4393
5905 9603
1607 2664
2651 5859
7777 972
1478 7954
2338 1296
8120 935
3425 9749
4380 5776
3626 7641
8183 9165
9075 2671
2067 9222
3015 3947
1594 4427
3515 3101
4546 5283
2522 3807
6714 7730
5328 2538
425 5995
2261 9440
5793 4571
6788 3710
9751 4266
2221 7644
8426 1052
8517 6797
5811 6395
9600 144
5737 9580
966 4815
4281 2485
5828 6640
7002 6704
9323 5546
521 9426
6440 3886
2801 2135
8085 5051
2292 2572
4935 2999
1099 4777
3771 1132
5794 9867
8497 4321
466 229
29 1210
7757 7989
8266 7568
1739 3783
8813 6758
8437 2340
9468 8561
2617 841
5111 5194
3506 6548
290 8736
8545 2571
9820 3452
9336 600
8284 4833
5669 4367
2206 897
4723 7480
9275 478
9733 7100
8479 918
1499 7517
4570 2298
8162 3772
4465 3044
5971 3687
1639 5386
2687 9657
7391 8198
5685 9690
95 7133
2104 7725
1989 2479
4970 9069
1652 6381
3417 4056
3823 5553
581 7109
256 7114
3778 381
9558 9538
5060 180
114 4745
2665 670
7426 9280
6274 1718
9035 2842
4544 919
1427 7027
456 787
9271 4319
4130 8751
2405 3993
534 696
6341 4345
2900 9681
1665 3532
4378 7252
9051 9170
3730 1953
7388 2713
6907 8894
8975 3491
857 6024
2407 7131
9172 2198
2757 2988
2009 8419
2333 8469
7106 7797
1454 6113
7480 6803
1039 9692
5398 6587
506 3632
9085 9134
4101 3933
653 6563
9869 8923
5362 9158
3002 9979
5314 5210
9111 7419
2895 6935
6716 8038
9101 5217
5121 3649
2108 1104
7171 4312
326 9113
8310 2523
9 426
6454 7498
9553 1246
2304 7145
8044 8342
1483 7227
2045 5115
1882 7796
1439 6798
4217 4148
3281 9620
2392 3399
5118 816
9554 5216
5711 6780
7599 8100
5134 9018
2198 6774
94 8233
6737 6541
1734 5910
2013 8637
7312 9975
1610 4023
1400 637
6383 7
1913 1904
6506 1204
9557 4278
5035 9581
3865 8035
2600 2714
678 9485
1591 7646
313 8040
6332 805
4792 8780
5043 116
6626 4013
6887 6139
7395 3898
4209 392
4099 4776
6576 7371
135 1894
3053 6107
624 1102
3051 8358
1529 7867
7788 5247
9028 5309
149 4586
5768 8289
6521 9913
8719 2105
6063 9245
3106 3969
7928 9286
5764 3733
8825 7713
622 5118
9989 8522
5834 2305
4337 5169
4908 8612
2597 8084
7008 4415
440 2478
9287 4453
2868 9892
4406 1003
6704 8234
9520 2375
6028 3536
6802 1240
5944 4917
5555 6858
3446 2961
5209 8728
8753 54
2739 7525
8870 9977
6743 5787
5590 4572
8 6667
7518 842
2875 2970
7211 4708
20 6286
6271 397
8263 6788
8443 6420
401 1033
5162 6517
2849 4257
1641 8960
1938 2257
3061 7783
5545 3744
9923 6834
9793 4701
6049 8501
1062 5127
3897 8032
8342 1735
8171 7885
6943 2378
7205 6878
3013 4158
8248 2669
477 6523
8260 7425
8017 804
3450 6100
6817 3802
6797 5543
206 8427
740 7758
7921 5476
1704 5262
6697 7606
4928 323
4672 4389
5559 7008
646 5741
2969 3849
5456 9522
2619 2867
7801 7539
2925 7223
3970 1840
8344 7745
2908 9670
3001 3324
6432 7476
910 9252
2443 4396
1007 7340
5638 2685
1030 6121
810 3848
9999 9935
196 1504
1449 8452
1947 3082
1866 3202
9069 9924
8268 5631
7073 6662
5128 1550
6652 542
9459 5276
4569 2228
9840 5437
199 1768
8580 7098
8367 6394
9539 2649
4809 8218
4766 6981
5851 7752
627 5748
5942 7753
2542 6837
9096 5890
8622 7170
2809 5929
7261 2422
3057 9614
8898 7143
3422 8775
1244 5733
5969 2576
6854 491
5200 2132
6001 5836
7441 8054
3507 1828
2646 6457
9993 1745
6229 4995
7744 1119
9963 798
5005 7491
3049 7375
1871 2922
5299 7106
2894 470
4830 3695
8071 4568
6826 2316
9151 4096
2150 2498
5779 6179
4759 3137
4678 9433
5673 5605
1500 5696
1389 5199
3894 892
6408 7777
7194 3306
5056 3016
1697 9328
3035 5390
6548 1281
9309 6412
3623 317
1548 3256
3903 4862
9863 3236
1093 7268
3511 5075
5771 7736
1174 3551
7851 5129
8032 8028
2770 3678
8322 4422
6554 2716
4135 344
2564 983
9217 6631
7358 9826
8095 695
6693 64
5347 5398
7962 2559
6247 5537
9012 5454
6989 6008
4893 275
2065 4605
5457 4300
8901 1223
7536 273
4490 705
7992 6697
3724 2543
8805 581
1171 6132
9816 6647
9171 8699
7852 4764
1514 2612
3248 9135
6643 3194
4322 3253
8907 905
7721 1572
757 5060
1860 5583
3904 2687
6727 6049
4604 1320
8058 7948
2663 8692
1248 1307
3581 3579
2487 8786
1237 3664
9266 7307
8022 8426
3746 4679
17 8891
2375 8031
4024 9754
8967 85
1470 4913
2585 2437
7488 2503
3118 272
225 3641
5854 2833
929 3112
4882 849
6698 5297
4625 5163
305 8155
8737 1179
6602 7414
2765 7012
2372 1560
5584 5004
46 5902
3355 2040
6979 5750
4030 6949
6033 4358
9506 9821
5243 4352
5136 6838
9635 4091
7244 258
3354 2459
2095 777
9680 8091
1196 8001
6953 4723
6616 2511
990 2374
4471 5935
8302 6225
2881 6808
5915 5684
26 6909
7434 9373
1231 1985
1898 5788
4163 3730
1278 4607
6317 3254
5186 2872
2441 5125
1876 3750
6800 9986
1676 5903
222 3103
7503 5259
2753 5520
8604 4637
7219 3980
6449 5522
1432 5545
6666 3990
262 3897
4555 5246
657 1350
3041 8696
7937 2292
5873 481
8005 568
5047 4268
3697 461
8624 4589
2711 5834
6045 8517
8053 4313
6787 7346
2210 5600
6821 2240
2918 6463
4316 9767
9577 6903
7131 7614
50 7880
719 328
8779 7274
9128 6772
2642 8698
8327 2382
6501 412
3595 2124
9157 8705
941 861
5114 5704
4303 9853
4138 4336
3930 8240
6417 6153
4730 6465
7113 9211
7712 7089
9789 9148
8334 7677
265 5156
874 6988
2324 8792
153 2021
3012 6557
9990 4740
498 372
7516 8173
5692 4363
7394 9089
8755 6473
813 2553
9741 1810
8363 9734
5813 4416
3038 410
1143 9332
1948 2128
2519 4976
317 2745
9260 741
7405 748
7158 8188
8772 6994
8859 6148
7555 7855
3211 4012
6484 8483
1789 5863
1757 7403
2831 330
4321 1237
9607 6162
7679 2729
4119 1011
5927 9347
8049 3407
1773 6166
5631 1213
2140 209
8388 4214
1753 3628
4181 2493
4433 6047
7709 1332
6532 1544
7544 5143
3398 105
7814 2243
6807 8403
6313 6976
2725 4936
625 242
7791 5581
1922 2270
9237 8418
3860 766
1597 31
4451 999
2319 67
2237 8245
5234 2743
6205 9318
335 9251
4384 4927
6582 3029
9170 5641
6475 1417
7247 6875
8676 9990
5512 8214
1272 6528
1950 6464
4229 6128
5142 1876
2301 3963
7648 2424
8068 284
1176 4029
5166 1177
236 9626
5009 2721
644 8714
5303 8425
6982 3091
5651 7152
8889 4958
1087 5574
9570 855
4581 7065
4542 6494
9281 3981
7407 3156
6629 5093
2239 1397
6127 3322
1930 9183
2855 2281
7114 9376
3488 5634
7571 5947
1444 9022
8789 7175
4717 6258
6002 178
9039 8945
7125 2350
3291 6057
3833 3359
6588 1012
9644 5112
1965 2197
613 7696
6849 9036
7559 545
5684 4892
514 3533
4488 9366
4812 7057
6280 8117
4517 8910
896 8853
1065 5453
9653 8958
5552 4163
8696 3426
3345 507
7710 3425
1242 7905
4351 7654
6571 6118
5131 565
3821 939
9418 6746
6318 9136
4888 7181
5998 9298
7637 2925
9347 942
1709 2077
9624 7058
5878 4935
3124 9699
6452 2453
9519 9785
6352 7742
6026 2039
3706 870
9258 8390
1716 9834
7050 944
8407 5091
9611 7155
4025 790
8881 5479
2449 6979
8166 9024
7049 6815
3647 3034
9185 1193
9524 2286
4415 1361
32 3071
9760 3903
8468 7776
5630 7210
9500 9317
9931 3026
7294 7087
4702 1992
8621 896
285 940
6567 7082
3655 8438
3614 9143
9188 5873
9068 5517
6032 5844
9957 6454
8378 5413
3703 768
9448 9937
5418 6504
9038 2365
8677 986
7591 3565
6466 1072
5671 3702
851 147
3942 3352
2344 4411
3916 9898
1013 3323
554 3185
6278 3573
6686 8785
7824 7037
2290 8959
7439 1652
6515 8350
1044 3700
3508 2470
4319 2822
9541 2560
3056 9266
2211 2773
1169 2848
7203 2933
9548 8075
3773 572
6389 6215
6614 610
7955 9229
7323 9967
5048 2525
3275 9951
9194 3312
2475 9249
7631 4651
8691 7699
3151 1403
6960 9418
7308 915
8768 3291
5127 2740
5406 1017
7376 5599
4335 9837
5508 9729
3083 9471
9961 6323
5222 3251
1381 4602
3784 6250
1690 9813
2000 2512
886 6842
8949 9294
4587 3712
2197 3126
4275 6550
9917 3370
9826 9759
1997 3569
7943 4210
9637 7168
7346 7443
4496 9900
7449 7586
7230 7601
6239 5141
9152 7418
2701 7980
6474 9897
1181 5196
8332 9735
7546 6709
5239 5079
366 9059
976 617
422 8287
529 3810
6680 1808
1198 2285
1693 8165
8369 8669
5598 4707
5574 5962
4757 2602
8395 2912
8031 8219
1637 5592
5619 6447
129 3859
9364 2855
5198 4800
3519 7618
8157 5898
2518 4425
8641 3519
4061 5837
8282 1673
4234 9131
6520 8576
3337 5257
7839 3089
6533 7415
7350 5172
2270 7816
3179 5858
6259 4909
4756 7779
6390 467
3619 7735
1045 1137
5553 4696
6182 8979
5386 5124
8861 4598
7947 346
6903 2134
4797 6489
9338 2898
1954 6658
4341 6402
9262 7251
3951 2411
4590 2307
3893 1713
7096 9652
8238 4529
7011 2254
3924 3825
6266 442
2317 8364
2277 303
6208 6332
6901 7030
4129 4660
1046 7707
5660 9455
6967 9331
6342 2608
4849 1439
5652 2737
2580 9467
3029 3171
1855 5939
9504 7564
7787 1461
6027 7285
9601 6509
6996 6484
9717 9910
3000 8764
6796 8562
5697 2220
5001 1480
9246 9966
786 5082
1715 5439
2073 1126
7404 9787
7006 1541
590 2059
3504 8101
4397 6862
8064 8912
9862 9965
6446 3900
4157 2190
2477 4874
96 9008
5046 6124
5647 8865
3919 9649
6430 7214
1640 6352
4514 6119
6898 9122
5591 4173
3030 77
8644 2838
9305 3402
447 7918
6964 5
5666 1174
4870 9780
3227 407
814 5792
8675 1798
1604 6177
3959 9150
4092 8055
7104 3758
530 1255
6412 9394
3226 9521
9759 5380
166 2054
8657 7613
5466 8697
5800 7365
5919 7854
1613 2192
5622 5465
9147 6072
6978 3545
3523 8733
2514 9399
485 4595
4502 4154
6030 9039
6545 632
3389 7986
9218 5784
4073 7701
6251 9365
8656 512
8148 6290
3411 4149
4713 9386
1385 2858
376 5654
3364 8515
680 217
8559 8455
3357 2903
4230 6956
5570 6442
8844 4627
1390 5701
1630 923
3014 6275
7424 9959
6310 6655
5321 9126
2218 6114
9824 5317
9362 4767
9121 3650
6037 8752
7298 1732
2019 4204
5706 4547
9434 8900
6951 2211
4628 2812
5667 9224
8088 9403
267 9533
4623 3742
8350 1183
5539 7489
8228 6491
4944 9495
7652 2377
8215 7584
946 7652
4044 2444
7873 7240
6492 7571
3874 1592
2129 1387
539 1067
4091 2399
1469 9210
5294 8362
8408 6750
1988 3377
4064 8521
2168 9254
2740 1095
549 3231
7969 1368
6339 4522
8347 6309
4666 4512
7461 987
6816 4380
5505 8630
3497 1165
4796 7413
5423 5223
3426 8493
5011 2425
696 6221
7094 4689
3983 2047
2993 7555
5353 908
1686 347
5176 7570
9753 8704
8833 163
6672 377
3751 3667
931 6692
8601 2990
3138 5909
8876 5467
5100 9569
7221 4408
3466 616
9353 1814
5224 2157
4552 5723
7840 2818
9298 2041
6642 8762
7805 3921
5414 809
4112 8415
5536 9163
2300 5827
7145 462
6660 8556
4240 7537
2570 6876
850 5683
9496 2219
6738 8731
7858 8087
2641 3102
1863 7553
4607 1494
8983 4897
3516 2954
3827 2143
6013 3167
4767 9722
3531 7877
7373 7908
6377 6374
5235 2438
8758 7819
1323 1405
5159 7438
1952 6181
1399 9353
3042 5458
5287 5358
7906 4169
5938 3801
5732 7740
6139 3727
8480 717
6194 7075
1872 3763
5020 8169
4918 7710
7715 5405
7671 9276
4241 8926
2504 8215
4998 4252
6882 2881
457 6238
4394 1674
2956 5907
7636 735
5086 3450
2805 6312
9100 7101
6021 9496
380 5853
9384 8742
8111 9774
6009 4196
2524 9398
4280 7298
2470 3406
3270 5524
9319 4162
3563 3693
3940 9142
6710 9480
2374 7192
6918 8239
2726 2391
3420 7970
1735 449
404 9257
951 9061
2490 3364
3066 1978
5256 1407
6767 9939
8487 2335
4643 7246
1566 1249
2539 4739
6407 4412
8760 9307
7980 2947
7600 1241
4459 5452
5442 3210
87 8294
1649 8616
7000 926
4963 7217
8714 5010
5440 6243
4436 5100
3104 30
3172 8182
1743 5847
8777 9355
7659 7521
9981 3401
865 8845
4781 9629
743 9811
3095 6291
5151 4107
6379 4468
3046 5970
2329 1666
6675 1465
4140 6496
7438 5739
2049 4726
4932 7963
4768 102
8566 8463
3052 9801
5104 6359
3850 7947
2222 1034
5698 6452
2640 954
2340 8152
3917 6860
1396 9017
2044 734
6769 3423
2316 1469
7068 2506
4578 4824
6302 2037
4871 9851
6551 7171
2890 4428
6780 3492
898 8949
9479 9691
3927 9423
1614 8105
1960 2869
3132 2632
536 6853
6650 7621
454 5165
9000 7968
5153 1547
8817 4848
817 219
5855 7010
566 7830
9099 8109
3113 7527
461 1968
8326 6894
24 7907
9120 4061
4487 774
749 5762
9402 7406
5958 8496
1659 3344
3885 8229
8533 2345
2674 7248
5449 4357
2410 5296
4881 4949
8751 8884
2912 5920
9135 3414
5959 7637
2536 2208
544 8047
4671 1612
6917 2115
250 8291
5650 2566
4215 9532
5776 2230
6140 3041
5097 8784
9689 5282
3881 3941
7797 5718
3173 4440
7936 5230
1153 6507
9433 8049
9697 3233
9708 9783
3469 2113
8705 9415
9712 9920
1891 7682
93 894
3734 5867
5069 2899
8708 3554
727 2545
8107 3563
2777 573
2915 9923
2833 4284
2997 9667
4600 6642
3698 7351
7207 7826
9156 820
5346 4616
4185 3235
1310 1742
3976 2577
5331 624
4838 2634
597 1733
7616 1298
2282 3278
2950 8437
6963 6618
6272 73
4349 7137
5471 3978
605 2381
7367 3820
959 4124
7240 6044
4450 1044
553 1495
4020 6200
6928 3241
3491 6562
3102 10
6783 8306
2846 6554
8462 9139
4622 4968
9573 6766
3934 8730
4650 3927
5312 4034
8764 2000
1299 7122
6039 535
7494 8025
4242 3012
3938 1445
5577 2868
8232 9149
246 1239
4385 8832
88 5393
7651 3779
2110 6450
2275 3158
2716 6852
1188 6426
4585 8492
2820 554
7910 8948
2832 1030
8645 3263
3233 3267
3913 9478
6181 7587
3977 7598
8231 3458
9290 4463
3542 4583
343 4728
736 307
7028 2445
6362 50
5022 8893
1383 3396
6238 9534
8343 2679
3723 1180
3243 7780
2492 760
9278 5507
6801 9553
3566 4770
5486 4082
9873 6377
1054 6912
141 2628
3700 9405
5137 8864
3182 2440
83 4058
6257 4920
1533 4398
2429 3197
261 1542
1760 6651
9387 1625
470 7014
4993 6035
5880 3047
4612 5652
795 46
1357 2643
6886 5235
2844 4379
7615 8518
4365 4931
6970 2609
9196 9596
5485 113
6048 7580
8550 3522
8811 4908
9015 7288
434 42
4116 6383
111 8901
6952 2094
7687 6684
7313 3709
7656 7633
5857 9127
5229 1793
8562 7312
8360 6948
2788 929
8116 225
5120 1928
7577 362
6863 5686
490 3372
5506 9678
3018 6174
6948 4894
6004 684
8188 9244
6268 5290
1284 1049
8115 6513
7938 8293
9478 9571
7869 4011
6610 1777
5366 3808
4527 2888
7012 9768
2354 8003
3160 5887
4482 4113
6905 4574
9919 1473
983 79
9490 530
5308 3717
1964 8491
2128 8284
3200 8478
6439 4195
2920 7015
768 7864
3952 622
5371 7350
8076 601
9212 659
626 1409
1024 582
4363 5056
615 7642
6393 9723
5193 9359
6270 950
1599 9381
7500 2098
1917 2320
9867 8904
652 5649
2754 879
699 9684
5467 5984
7259 4822
6476 5026
2919 8878
2818 8508
6122 8969
6712 1567
9817 9086
1477 7198
324 634
8520 9070
452 5104
6897 3547
260 2939
1569 8628
7520 7912
9426 4465
2269 5073
4589 7291
2733 9484
8969 9279
5833 4448
975 4695
9822 486
965 9435
869 9226
700 9589
2976 846
5351 6388
9148 5334
8664 2834
3317 4682
4169 4872
4006 9741
3696 6497
6637 6232
8404 4391
3500 4435
4728 5237
8926 9725
2786 4882
5974 6754
8202 9087
231 406
8900 2800
4151 6235
9231 2709
2859 3882
1534 5937
6586 781
5026 4159
920 1068
8072 7377
370 9600
1276 8133
8218 1453
5152 9115
8069 677
2656 3038
9940 880
2481 5913
9865 1475
6295 9084
9632 3105
904 8071
274 6257
257 8574
9993 16
3193 7265
7593 1079
4761 4836
7878 7692
1342 1986
2349 5790
1081 6083
6214 5693
2799 9994
3418 3589
6678 4857
8390 5455
252 3242
9547 4558
6753 4614
5557 8737
8824 7734
762 4498
7895 3657
5342 5132
7284 3439
4395 5255
637 5861
3648 3683
2178 1726
4219 3918
5618 7689
5634 3875
7811 2635
8530 244
7444 609
4294 668
8958 8772
2947 2415
4290 1906
3223 3189
4758 8353
7025 6752
3857 1559
6932 676
8821 1736
3077 3599
3604 1295
1201 688
3598 5000
9497 7997
5482 8383
9705 4942
7535 8940
8316 339
5803 5919
1326 4837
1629 4010
6924 2101
3148 6646
5065 8681
1862 8957
9447 8282
7660 3511
8372 6762
708 127
2350 8863
3846 2400
7232 679
493 4370
9536 4964
608 4804
8995 5830
121 7575
2102 2985
6894 7842
8945 4885
1827 5679
4206 1619
2965 5846
3447 2180
4955 1381
5782 263
1282 8510
9087 8335
3033 4249
7972 1047
226 8161
8010 58
6012 4629
4089 5588
9161 7829
4023 4884
6900 4378
6723 8371
7931 6922
7186 4687
2821 9627
629 5864
8845 5736
7950 7566
955 7863
9416 2777
9627 3512
4891 1021
269 5134
1531 7354
8704 298
9936 7079
3128 3966
4655 2824
8255 2227
2797 1958
4668 8709
1982 7845
8043 7793
1503 9520
5344 1811
7316 2718
669 6078
3873 4870
7711 6613
7199 4793
501 3429
8632 1598
7747 1871
3503 9201
9005 9987
3819 6014
639 9632
8526 7838
2244 8872
9866 4743
6641 9021
7770 824
3652 8154
7289 8397
7309 9379
8279 4269
5269 1704
1148 6809
5428 2213
80 7342
8368 4466
5217 1382
8475 6597
641 9887
5232 1340
5783 9052
458 5337
8882 7848
1041 8938
878 865
1867 359
224 3773
4780 3058
8921 4298
4499 1923
911 1758
4721 5560
6877 4455
7894 7256
8668 5201
90 6418
4028 2058
3580 8244
1636 5852
6813 5376
8423 8684
9163 7760
6603 4986
7780 8519
5493 7439
8801 255
1505 5538
7532 6287
3754 7718
4652 4046
8695 5877
8203 1943
2552 6992
9302 6477
4154 9401
6312 7523
288 1809
1086 964
557 6297
3591 8225
8979 6715
4540 1900
6358 534
5112 4241
1650 2792
1437 390
7901 712
2702 9246
9105 6173
6397 2828
532 3199
8890 1345
7598 1853
7285 8989
8438 1878
5707 3090
6997 78
4951 7626
6086 7054
227 7901
2450 4944
9576 9568
5425 4677
8950 8051
433 6101
3271 2480
273 5953
8306 8310
8177 5477
4509 936
4660 5180
2241 1013
5004 6921
2593 3895
4340 9879
3947 2150
2823 8507
6843 4977
4910 7104
6470 4473
9381 4654
6990 6757
8273 289
9709 6880
2926 1498
9713 6628
9079 4778
3084 872
4686 7775
9233 9040
6096 2395
6051 6365
2296 2513
1642 1349
4934 5182
5523 5820
7322 5366
71 2023
8906 3809
8563 8703
2368 2078
4981 5510
2433 7478
5939 761
2934 458
2837 1261
2880 8332
9284 7852
538 7853
1536 7034
4183 8004
9041 5714
9256 21
3452 7126
6692 8591
35 2167
68 1910
6920 8211
3699 5339
2783 6882
5814 8005
151 9680
211 4227
4532 3327
8880 3300
1493 5488
4093 7469
205 9299
4500 7567
3461 70
8380 7076
185 5470
1163 1123
9071 1149
1402 5381
5772 459
7968 8818
8951 733
7670 1260
4752 357
1696 5185
5021 5674
3899 7179
7806 1431
3085 9530
4894 5357
13 4775
9430 3037
6376 454
3586 2668
418 3686
9062 4114
6631 2482
3123 8414
1388 6812
6591 6422
377 2038
2840 3118
1123 373
8814 4722
1873 3799
3642 3574
5429 450
3910 5340
4360 796
2905 8457
1769 4286
9257 7422
200 7222
8355 2450
4300 117
7898 1496
3837 1949
284 7659
364 7847
8539 811
8572 2702
1363 5113
5929 1437
8778 5917
1582 2464
9352 2591
4751 2159
4729 2959
2029 4982
9234 9525
4392 4017
7956 9234
9909 4314
2362 7839
3933 9846
2647 2225
7580 4375
4746 7258
6235 193
5341 5845
3574 8710
8738 1087
4068 7900
2240 662
3678 5956
7297 4663
6078 5572
3253 8908
6752 5734
469 414
7750 7505
6158 7861
8281 5813
7776 7909
4694 2785
8141 490
7030 1238
2713 5450
3776 8915
5858 1952
2207 6002
8948 3866
9763 5392
3622 8569
5713 2223
1532 1568
1615 7723
5188 1060
6827 8614
5791 4053
6534 2001
7499 8143
6790 5304
677 1681
2163 7035
6574 4631
2668 5275
6344 9748
8474 6401
6346 352
8083 4868
9544 4032
6349 6339
915 8976
9656 2870
7668 4351
4039 6122
7990 3383
6240 9063
6893 4658
8575 4864
4048 3486
9791 7559
4562 6423
1618 7136
603 6643
3863 5348
6630 6968
8786 6787
7892 5988
5099 1650
5045 7096
8377 6067
6581 3261
6850 8275
2116 762
1031 9557
6483 1767
8952 7965
2398 3544
8605 526
1727 8755
889 5374
1203 560
6334 1230
7142 351
2611 9812
5345 3674
7336 4883
5579 4362
7945 3696
3502 119
4411 5724
4311 912
86 2385
7735 7622
9117 4765
136 296
3883 8627
2572 2274
5654 4666
3449 8570
6865 7300
8502 5886
3221 5575
5534 8639
4134 9445
9764 9243
6264 7995
1752 4953
8244 7364
3303 427
8909 9613
4529 924
5092 7522
7107 9362
4592 9654
9146 7112
7979 6048
8598 4617
5845 1564
7564 2936
5887 8970
552 5623
2308 4520
3115 6950
1567 1024
9861 3179
8161 5111
7385 9572
8815 8460
2650 6351
6044 93
7 1005
6493 1037
131 5053
9559 8977
8797 6560
7315 3400
1673 2610
6991 8763
5941 9693
2442 2753
1215 1636
9484 701
8912 7727
8982 5809
4443 2977
8056 1902
4273 3286
9652 4007
3757 1723
6755 5616
1159 9549
5490 6355
7786 7472
9509 9597
6231 3876
1121 5451
344 9412
3369 7821
5361 6944
3315 931
6109 1973
7153 5442
6645 3741
6933 7149
9272 2548
9444 2456
5626 9305
3664 7140
4616 8268
152 5110
1068 5765
2424 3050
3712 7470
7341 903
9819 9060
3570 4683
39 7195
5402 2463
1190 3350
6228 8281
1823 488
3769 355
4267 5423
6053 2110
1802 315
9488 8525
2188 791
3673 5556
7152 6230
7696 2421
9462 9591
6916 3211
3334 9416
3395 8689
8050 8227
5049 9275
7836 3949
623 9866
8846 5338
3884 4646
6799 6338
2911 8178
4790 1225
995 6060
1313 7400
2953 9671
4642 6706
2109 3463
2321 2604
7970 2910
2806 143
9022 8325
6657 5460
3926 1796
1457 4570
7063 9368
5307 2597
877 9943
4423 1313
8703 6330
1933 3540
1590 5045
3464 2310
6552 6799
7168 1784
748 8846
4916 8620
2094 1669
8763 7759
6398 3514
8531 8788
2003 5786
2643 2739
9346 6645
2652 3677
6754 7046
9026 2244
527 7714
4485 0
8905 6439
6789 1278
2311 5721
7213 75
1996 3269
5295 9841
2495 2108
9814 2586
2423 1184
8425 5153
4427 8610
7198 7973
2553 9093
1826 6573
8165 5402
2385 3076
6649 6999
672 4744
9369 6711
5355 776
7144 286
4364 4100
2538 5315
2279 8803
3392 1714
5987 814
7849 6801
579 1254
4082 4641
33 2829
2756 5208
2137 7042
6959 8328
9103 3745
7300 9155
1257 7765
2412 788
2072 6983
6003 4216
8636 6127
6485 4661
6633 6093
8276 5596
8412 8389
9843 563
875 7153
1856 819
5645 2630
1333 5918
4403 8896
3958 767
496 4582
9424 2541
5564 9479
6549 3760
2098 5408
2853 4886
8174 3878
2525 5443
3356 2130
4493 7176
2006 8050
4288 1018
6593 7686
6088 5431
421 8582
4081 8599
1589 7941
8977 4287
4315 4665
2503 4669
3732 5108
9582 7844
1191 7653
763 133
4520 9656
3521 8322
4641 7165
684 7859
8137 7276
7929 4311
9091 6108
2549 5862
2472 3437
5678 1276
6705 7983
2659 1638
5473 9546
4293 3731
6923 9745
2155 5754
2230 3019
9803 949
4354 1675
8187 4724
6955 5478
8832 1546
9192 6845
4142 4273
4357 4987
6915 5717
8722 9608
5785 3087
9399 9133
7157 3618
3008 7594
9016 9528
8484 3854
2026 693
567 7663
5311 3520
8891 1103
1682 1866
8615 5680
2464 3032
9356 7975
5191 7631
5141 2878
9342 3570
5095 800
7134 2025
320 7111
3573 8899
7382 6010
8341 7204
5265 4439
2592 3006
6000 9119
1908 8124
6853 2886
163 836
7327 1966
2046 2963
1471 6972
386 8151
7010 5794
3009 4507
9031 9456
7861 8981
1356 885
8212 6795
4077 7484
3344 928
9045 667
766 8954
240 8636
6464 606
3915 2960
7890 2518
7029 6213
5183 3068
7042 6206
5819 5880
1768 3926
9605 8482
6323 3379
3408 270
6399 2267
3079 7593
4474 5561
4128 9978
9048 3488
8699 6285
7393 249
1142 524
8802 3074
934 6249
1584 6009
1906 137
2793 6889
4274 1817
7785 689
6277 7915
460 4754
8272 2049
6461 6913
4011 6056
5525 2595
1977 9077
8482 9946
9472 6498
3905 2297
5601 7001
7417 8210
1421 7545
308 2524
3689 9795
1939 3622
3068 1583
3946 5705
1571 5982
2060 1275
5615 5985
441 1505
7558 7657
4096 4644
9679 8006
4911 2383
4399 5401
4615 1485
3651 2532
9698 8793
792 7254
561 4030
7093 5894
1052 1751
5279 118
1874 5136
2228 1841
2426 1315
7942 7411
2476 9687
4228 4676
1508 2893
3671 4364
9979 6965
1104 3279
8262 4228
7519 3543
6514 9045
5236 6396
9174 3534
7342 2761
9612 9621
6694 4495
4515 387
6668 6353
8973 2748
7183 3776
7511 9053
8792 985
2750 7018
3435 6298
6553 3295
7707 6574
3851 5025
3383 6890
3662 7630
138 8309
3979 3721
2792 2304
3318 9750
9417 4903
2346 8251
5658 1479
8100 2483
8849 4267
2096 3999
6005 161
8528 8567
1843 9664
4950 502
4310 3960
1229 5566
7057 7818
4376 9814
8838 4212
9935 3113
1561 2090
4325 3444
8298 8062
9907 259
369 4511
436 1502
9215 8497
1526 7596
6782 1283
3220 4972
4343 1688
945 7492
8170 5240
8808 4887
4782 8423
8855 9769
8196 7668
8420 7167
5432 1098
5769 7898
574 1383
3474 3707
4549 1933
5981 1989
1985 6619
7146 4536
6303 5345
9225 541
8190 3046
3747 3925
2610 3585
2466 1523
4920 6577
4031 7823
5710 8416
576 6016
6401 6821
6331 8800
4528 9404
510 9602
167 2234
2824 3577
3849 1036
9610 5363
5889 3845
8588 416
5513 3002
7462 1881
1733 4395
3839 2334
6607 4961
971 9701
3861 7771
5621 5881
5165 6246
4213 3784
5806 4476
2113 9818
3185 2165
9987 167
5027 3168
9207 365
8225 7023
8986 3470
3176 4939
3629 7025
8576 8804
7566 3552
1221 5050
1981 482
2664 9873
3804 4164
6595 1737
8139 9843
8933 4998
9855 7935
5296 9390
5947 332
4187 5144
1646 9644
8009 2457
9517 9129
5727 2588
5986 7541
132 1939
3388 6723
923 7828
8894 8847
617 7314
1795 6037
7590 815
9749 2196
960 5954
3631 2299
2444 1799
6056 853
4179 8882
6517 8906
3402 5567
6204 3781
7092 2578
9782 2402
7178 7510
4828 3465
5765 887
845 2372
7403 1554
3672 5576
4356 1728
2047 2505
5951 8329
7762 9473
8396 7827
2164 6167
6965 1532
3285 2657
7085 4984
801 710
6409 4072
4178 7213
1504 623
6387 6263
9707 1643
7291 6661
8928 7321
6459 6415
9461 6666
3017 8048
7136 6585
1854 2750
1200 1490
3246 2451
1626 838
7390 3962
6146 6908
2527 9487
3100 5459
5315 6242
1473 2706
143 6510
4704 5493
968 7518
3687 413
746 3489
6453 6555
6060 4528
5435 6942
4214 174
6862 7533
9572 8187
3877 6716
2179 472
1782 7296
1880 6644
3634 4489
4475 7931
2625 8066
2323 9925
4381 3060
3925 6030
2358 6089
7719 4698
560 1106
5551 2287
3445 5812
3279 1637
8991 5319
1755 1776
1306 9230
9958 2136
8104 9776
9144 2086
4518 2736
253 7064
1283 6675
6661 834
3224 6321
8336 1257
7588 5147
8102 5007
5285 2181
7933 6272
2454 938
4884 4330
3262 3092
6468 6370
5010 1419
1868 2580
5894 5808
2839 3896
5055 9618
9365 3021
6175 6144
7105 1185
2485 9510
3761 2253
6711 7729
9526 6938
1961 2490
2463 5969
2314 4590
8957 4372
1577 215
885 3498
6306 2644
1368 6621
6351 2722
8922 9384
8271 2222
292 7103
8040 8815
1788 8213
8600 5372
6670 7000
3025 2533
8733 3385
5356 9715
5196 4808
7502 9264
5718 2700
4232 7506
1942 3205
3777 5394
4922 7685
8567 8189
833 2488
4008 9265
208 9958
6089 115
10 2688
5860 3366
585 7459
2944 8446
4775 6476
403 5842
195 9271
1601 2717
4127 9261
6079 1698
9672 7011
6732 3819
6487 7448
7763 9947
2602 2200
2530 7891
7800 7612
5661 4297
1234 8330
7649 9237
6437 540
3806 2034
9485 5828
3920 4487
4860 5869
1844 3889
4946 725
1338 2631
3847 1116
3228 7640
4840 1501
3353 202
3371 7500
8042 958
1096 1922
6220 8873
2510 6887
8184 5806
8513 1366
9983 2177
2486 597
1274 6958
187 697
6896 1394
1553 2704
8626 471
9467 7234
4958 5645
676 8928
3050 7795
6619 4613
394 2642
7299 22
8289 8024
3155 5559
5635 7303
315 9790
5636 5332
1183 5535
1851 7144
5945 8950
9186 3196
9129 4715
6857 376
745 6259
1369 4891
6025 34
8713 652
8994 9636
1179 2079
360 5094
6580 3288
6938 4271
3122 5492
4501 8810
334 5426
9899 4109
5517 9459
2558 8640
123 9823
362 7528
5976 3393
7618 8261
5258 3839
5943 131
1884 7670
3335 7666
6490 8129
2974 3447
4779 7851
6394 7803
7723 6839
6819 2885
9160 2555
3553 8825
4603 1961
4697 1863
7617 6033
4897 4694
6872 6073
6988 5586
7021 2647
551 1993
4772 6413
9921 14
1373 3608
6674 8502
9255 4480
9108 6727
5837 7028
1462 8749
106 1148
2935 6636
3316 817
822 6624
6597 2692
2331 3908
5431 3923
417 881
4887 6164
5155 1964
5954 8506
2882 4610
7845 2751
6636 6539
3530 6657
7681 8898
9699 5500
9224 4035
7592 338
5550 3561
8182 1930
2991 3084
9019 2111
1530 5193
9077 7739
9180 1265
4915 6045
9429 6461
2547 3161
9599 6217
8483 7128
3572 7902
310 8344
4536 6941
3991 6969
9859 1709
78 3079
7226 5029
5488 3109
8447 9085
9974 3033
1195 6241
8537 2448
372 2430
2327 8300
4793 9098
6604 9055
5401 9375
7163 3751
478 5145
2341 827
7828 5702
5491 2752
1232 4592
5460 8015
8620 5755
2851 9263
7445 1749
8219 8955
3391 8421
4426 1243
9357 2530
3812 2282
1452 2840
5382 4956
410 3828
242 1464
2038 3246
2660 1885
3715 3590
3962 5343
6987 5563
5464 411
9137 1051
2195 571
7572 3524
2635 5215
7642 8563
9734 2561
6370 3732
3295 9985
2561 8674
5189 5815
5094 3794
7435 3181
3183 2582
4010 9220
8039 3438
9328 4295
8628 5708
713 3239
7632 7457
5179 5435
5443 4796
3975 4839
492 302
3276 2311
4724 7693
4685 910
5876 95
2796 8064
2356 7674
4333 6280
9585 4541
9670 4136
4141 1317
7422 2804
3557 7477
2066 1630
5957 5777
5081 6851
3092 4174
728 7874
9564 5021
3311 6653
9388 4705
4763 7461
5392 223
2942 9905
4372 5341
2465 4871
7275 9214
9951 1455
4239 2044
8729 4639
9545 8909
6866 5608
4948 5336
9716 2564
4375 8280
8707 9195
8134 7437
4440 6482
3682 5687
1664 8392
7822 7417
5866 8719
9755 7408
9273 4073
8934 4898
8827 6742
5588 1765
7751 7581
7690 8929
6124 7158
5624 5081
4489 1588
5606 6334
2862 1697
3875 577
2219 6514
4754 8059
8549 383
8790 479
6615 1994
5751 4429
7501 5831
3768 4673
8651 7949
4327 6593
6298 6767
5087 7226
3065 100
2526 6424
9029 6855
4212 5225
5759 2432
5966 6835
1288 1056
7583 8841
9126 2969
2063 7999
7673 4540
7974 510
2484 7073
9240 3913
5784 4504
4909 1167
7037 9623
3088 7381
6010 3367
3941 3083
1809 3676
8732 2284
5572 6069
217 5395
6685 5440
7081 9333
9385 757
1053 8791
9123 7121
1012 3484
9020 792
1158 7890
9436 801
5863 9326
7755 3001
5338 9543
4468 8721
8265 2328
6185 5074
7914 1783
1295 3218
8761 7201
6419 1282
726 4531
1628 4960
4582 9071
6245 8033
6969 3287
9976 9894
4145 9437
5278 8757
6945 7238
9992 9842
4709 3432
1230 8622
4926 5211
1979 3214
1562 2184
1513 5344
5182 9442
5603 4127
8970 3313
6357 2156
7231 858
7353 5802
472 3175
5709 4525
7862 4869
9846 5904
8457 4717
3895 5835
7871 3014
1545 3877
112 1322
3852 7124
1706 2544
445 1129
4598 2835
2586 1436
8330 5152
2696 4409
4836 345
5504 6188
8414 2300
8730 6802
2192 7138
8915 5876
8749 8429
4152 3672
2180 3408
5576 2666
2278 9848
1627 9739
6469 1581
9695 2338
5102 4965
2662 5632
6451 97
6724 7319
4952 4092
449 2805
7258 3795
620 4452
7608 1447
6024 402
1624 6445
3245 6605
7260 635
7302 771
6176 8759
3799 2092
9222 230
5754 1147
8648 7229
7603 7423
1502 7573
1869 4973
348 2147
9398 5906
6747 1565
4462 8822
9587 7572
8073 1365
6103 1424
1699 8544
6876 8324
7941 7540
4731 3070
8666 6582
5867 6841
6914 5170
3803 6387
1089 7289
1353 2651
629 1442
1528 3374
1072 7427
8445 3345
3394 9035
1655 262
4547 3165
4308 3340
9442 1995
4330 5128
4976 405
7071 6993
4498 3003
2280 1730
2015 8631
6444 1839
4336 1285
8886 4879
6665 6581
4646 6929
4737 5446
6934 7675
3101 8770
1042 5239
8140 379
7020 585
7109 4573
4567 7031
4297 657
8300 1371
8311 8615
1235 6583
8953 9742
1408 5370
7538 9643
3347 4025
4358 9342
4437 9559
5190 1590
3125 2950
2958 9513
4803 9206
3110 5948
2575 424
4804 4186
5270 69
4095 321
9538 740
3793 3779
5600 2760
3668 8724
1273 5321
4439 6003
6225 1727
6770 1224
6343 84
2467 3304
3320 3646
7311 1266
4878 1901
3242 9872
5499 8499
9533 6236
6575 269
3737 9468
2533 6827
5933 4131
1824 1377
1543 3271
1995 3879
5623 1976
7100 9303
6414 8988
9081 7516
5172 2720
775 1747
4571 5945
3205 384
9127 7717
3407 619
7201 3603
3190 8288
2381 5888
5129 6814
1416 1769
3742 9771
7402 7146
239 5825
4538 157
8642 6939
6195 779
84 7577
4875 3596
3931 9116
7419 7036
838 3334
4764 2484
5693 501
7961 1858
6179 6331
359 5573
4973 1915
4195 9439
6297 4494
329 4203
4478 2363
685 288
8693 8125
7454 7512
2979 9964
8919 9786
34 1533
3195 254
8770 5570
1348 5483
3082 9554
3814 9998
1398 1471
6167 8560
5219 6117
5831 9630
3560 5102
7189 4515
9501 1448
2551 2766
7630 1376
6541 543
1772 6226
5849 4246
3974 5619
8904 4200
9800 8356
8491 6910
4714 8942
2697 3268
3098 2765
6497 6867
8690 3200
3381 4581
7465 7756
2399 5373
8717 4081
3719 3841
986 6502
102 9874
6986 7360
6300 2294
346 9716
6187 5936
6598 9973
464 5558
6159 2103
307 9420
4632 8625
7031 5039
9592 5854
6822 7163
555 9579
5409 7754
1889 5038
1271 7515
2785 6521
171 4099
438 5447
9264 271
3198 7458
3624 7583
4927 3907
1541 6637
298 3045
5052 5561
3943 715
6338 1232
42 6911
9072 888
927 8702
7074 5727
895 1979
1785 396
1980 485
3693 9524
4525 4828
4661 9836
6177 1515
7121 3440
6504 7691
3492 5031
6046 2491
9110 5388
2093 665
7280 2527
4553 7787
182 2767
1668 9302
1879 5205
1047 2738
7279 8649
8351 6687
2156 3265
6513 3975
1580 4846
4067 3258
2620 7985
4120 2791
297 6300
7810 2057
5817 5505
0 1982
4264 1507
5438 6237
6213 6743
7129 7698
3627 9817
1775 1948
4432 681
7597 3701
8495 8973
2827 4664
4602 6350
4711 3466
4114 951
108 4123
8101 6393
633 8509
9340 1493
427 5740
8156 8766
8631 6318
259 8271
3818 934
2732 1164
6584 5432
287 9890
4907 188
2972 2600
9590 6380
6391 8102
7505 3122
1552 9490
6638 7093
5213 446
5208 7067
1523 408
5910 9912
92 7513
985 739
1287 6384
1494 1359
5847 2987
3556 9027
4176 5012
5810 8045
1165 4900
6281 7497
7344 6193
4889 9612
6981 8065
7116 8088
5503 9110
4995 891
4848 2762
782 1558
8724 4467
8812 4475
5376 76
7628 4431
1623 8247
9715 5419
8424 6535
7818 4924
784 4382
2929 1859
2535 9909
9569 672
5201 224
7265 6551
8001 2723
5948 8787
5501 8085
4027 6718
1434 9726
3944 628
3378 9714
230 9056
5434 6918
4943 5711
3213 8489
9299 7338
8257 7185
4687 9168
5257 7749
6359 4206
9326 2906
6510 1668
4778 8593
6684 6883
8525 6356
4071 3455
6868 287
4923 523
2977 680
4278 9217
2678 3025
1345 3403
1317 2890
5288 5905
1161 5798
7582 181
614 6934
3150 3581
1035 1795
9828 451
6211 5506
659 99
6841 1935
2246 3056
8774 8166
7423 3215
3472 3987
1945 4831
6699 7979
6651 538
8516 612
1905 3480
9659 4855
5158 8829
2638 7992
3656 6220
2606 9565
2816 8474
6784 608
6592 9397
3705 2265
178 4348
3787 959
6285 7705
5240 1063
9507 8533
2589 3275
3259 2028
8444 7050
1145 1772
1327 996
1850 5504
8851 3656
8193 2329
5323 4179
2727 4948
7159 6379
3961 6901
4596 9955
2885 2623
300 2786
5422 8691
3430 4353
8155 8548
2789 1291
1731 2528
2962 109
7363 1775
3073 8468
2517 5775
2654 1506
2081 3237
8091 8931
4162 9402
2298 8771
1837 3347
9685 6769
599 583
9013 5893
2036 2140
5157 3159
6883 8711
4131 4089
1122 2144
6250 4996
7432 5509
1634 3765
7706 9023
8415 6732
7077 4842
2041 8181
3278 5912
9837 1444
3522 3998
2822 7789
8411 2193
3486 121
2993 8996
2208 7003
6092 7690
9303 1176
8571 8046
8293 6975
5384 9449
8335 4860
9056 8147
4268 5955
1453 1822
5459 9956
7694 7763
5687 9123
192 9049
1270 3502
9136 2406
1622 2982
9060 8132
7756 3206
18 6700
2730 3115
8541 3535
5109 1624
8432 1253
2568 8092
3412 5965
3237 5367
1762 9203
2236 7862
6745 9779
8180 293
2099 4490
2544 5749
8723 3142
7848 9199
158 3786
4277 6234
844 7196
6502 3296
3 2558
249 6676
5818 8434
1239 9408
2337 5611
6936 8874
5926 5178
7847 8061
4659 3600
7638 7808
7450 2680
9771 8204
8383 9409
491 7077
6736 142
1835 3503
8841 3212
1466 8852
8145 2247
8123 5843
5767 2194
1660 3979
9857 4950
7905 1154
8325 3831
4149 9712
2453 8089
6569 3288
21 3299
4990 7722
8680 687
5214 3648
148 2719
4252 9344
8217 3207
6120 4810
5424 3388
9389 6440
9354 2799
8063 3537
6188 7244
4014 7806
5014 299
4899 1398
2439 6764
2082 3740
6881 4999
2577 138
8023 4484
5044 6141
6230 7451
8752 847
358 9383
722 7972
8511 1244
5829 8984
973 2209
1475 4229
5672 104
681 9357
2118 4292
8561 3827
8718 8790
9431 8635
9394 6227
4456 4703
9682 2951
9799 1887
8108 644
6215 4761
1370 1468
7792 9207
658 7531
1940 7732
9315 3867
2948 6660
7843 3453
6091 3386
1944 8778
64 7433
6536 2085
1107 3419
2631 6448
6463 7592
6378 6012
7766 9289
4 5487
8716 8799
4282 3412
7826 5783
4338 521
7925 4706
4791 6071
8046 9919
4393 5980
7347 830
1404 692
5281 5057
6035 9253
7691 9645
9439 5971
6161 9963
1819 5298
7471 1078
6041 8156
2661 9981
6999 5838
2353 1806
8863 5397
6984 8834
4663 1115
5468 5062
9008 4401
8353 2938
4583 3789
660 1355
4088 3173
1600 2330
6119 3424
6983 8632
6926 1212
7724 5314
7689 5138
8885 2931
5807 1467
7508 3028
5340 2847
8357 1731
7389 4071
972 5188
655 7894
789 7253
5907 2313
38 3022
9493 2656
2382 3428
9527 4447
5411 6223
4533 8286
2182 5771
1841 1571
8702 5226
8110 2711
9815 2126
2559 2268
7731 435
8976 6414
4896 1335
5682 2048
6503 9400
4231 475
3669 9240
2693 90
5497 9453
4420 1277
6375 3719
2224 7394
4477 333
887 5292
4492 9422
4609 7919
2177 7766
4109 6547
1256 8941
8853 5752
9318 3644
4233 8346
9341 9283
1074 8301
318 900
6276 1561
2131 2943
2284 1386
8554 8023
1411 604
7160 141
7574 822
67 6685
1798 7940
9829 9539
6015 9676
4366 2050
4975 5176
9788 1941
1611 4413
5156 8580
755 8990
5605 2554
5365 6784
6563 2670
9588 3015
5298 8619
2174 2678
4410 2269
2614 2151
1097 5528
9440 5627
9959 2452
8153 5735
7102 8902
2258 3813
9403 7769
2871 3953
4299 2206
4930 1823
4912 3224
984 2877
3209 1206
9966 3768
8364 62
4374 5681
4052 2861
7860 5214
7563 3141
8200 3562
2114 4279
6436 1945
9437 3343
9280 1476
4869 5963
4106 7205
2649 3662
2603 4727
4002 8176
4595 6721
1974 8797
4284 5636
5670 9488
4785 8917
1386 4151
7208 5589
6624 6031
6573 4981
7879 1519
5034 1348
4207 882
1426 4293
7521 4938
3479 7113
8481 1664
7173 4016
1456 5350
2769 2215
4083 1895
1063 8543
7296 1685
3290 5101
6244 6920
1684 9105
2413 5900
1175 9906
9845 3121
9650 1722
6291 4659
2220 4066
9700 6268
1302 728
4126 92
4058 2854
3630 3756
3386 7959
1002 9537
271 6543
9757 7311
4667 7623
4486 172
3490 1672
8374 5768
5558 8259
1776 6570
1376 2865
1289 6090
104 4601
1441 2592
2369 5071
8448 6084
5538 4970
9204 8920
1890 6389
4735 1178
2363 4849
6290 2703
3728 6487
8211 9665
7133 3500
6112 1463
6764 2319
4742 9599
7379 6683
9355 7278
3336 7625
779 6208
8258 9628
5343 6699
693 1009
9665 5637
861 7802
4787 8208
8619 7558
1781 9482
1124 8528
8872 6187
796 6601
9731 2859
5195 7899
7954 9685
9738 6062
8523 7190
4985 6734
9604 7921
4447 8607
1689 350
5255 8991
4244 3232
295 168
6542 7928
7414 4301
1210 8933
5724 1097
7541 5615
8080 4084
6066 3495
7993 468
281 1517
7476 5738
651 3566
9908 9869
8179 5410
9486 6109
9924 7870
9766 1786
7816 1528
3636 8844
159 3595
4526 8127
5881 4963
4417 179
2400 8013
8379 3624
5865 5585
8911 5800
9061 331
435 5300
5531 8623
1354 9526
9450 1370
2931 1781
2728 7359
9801 38
2691 9673
9629 4492
8077 3448
2061 7748
6763 3965
4601 1412
7963 8343
2595 5150
2231 9419
5489 2012
9642 8754
7790 7546
6093 9492
9683 1778
4107 5220
6292 4392
4810 851
9098 9228
9247 9406
1976 1927
3967 3223
7156 1120
4227 9073
5786 6104
3170 9289
5997 9410
1204 991
545 716
2591 5879
1019 1344
3878 1521
3740 3462
115 4702
5003 6508
8826 3816
5548 5643
3635 1977
9390 3405
2741 6112
8319 5254
6055 636
5076 9648
9591 6284
9345 6673
69 1860
9201 9957
5405 9072
4312 4217
2989 8439
3674 4685
8816 8504
1490 1522
1679 3051
6507 3948
8403 7817
9154 3053
4473 8123
5542 3160
5892 1391
1845 8837
4956 6785
9455 7978
7001 9043
7802 7738
5522 2055
5199 1071
5264 2051
7015 3804
6655 7074
374 9952
6707 5534
6833 5525
6760 136
5271 3153
8007 4328
5753 5895
2676 9458
4936 5697
1443 3769
9205 6681
7380 2417
5472 4420
7908 1294
7271 5759
9119 1187
8658 7361
3129 9824
7759 5415
638 6856
1542 6
3694 3238
7470 4086
365 6216
7745 7107
7128 3013
2286 4256
9404 9847
4390 4618
4715 2397
2771 6407
8492 2107
7378 9313
9671 1152
1199 81
6874 6515
1311 6989
1780 4132
9905 1010
1329 4264
8776 6967
4402 1926
1560 1203
296 8435
3906 727
234 5682
3074 7987
1407 5729
9890 1613
3143 2125
2309 4914
9767 6690
5329 1250
6121 4532
5543 9351
6289 2648
2945 8947
7773 108
508 9304
1516 6203
2225 7184
7303 5851
4094 4041
8873 7026
4732 4120
6071 7609
162 4329
23 9936
3007 8313
3755 5994
7650 6744
6589 8221
3990 3872
6599 4090
710 369
8726 6040
8128 3119
1409 4213
7392 2659
8577 5610
9498 1919
3162 1538
6031 26
958 9829
1412 4208
4136 3771
764 9145
8681 1272
8067 253
2721 9424
1885 165
5668 32
7774 7743
4236 9493
6293 8870
4379 2499
8587 5371
8399 1653
6400 3665
4032 9856
156 5870
5067 5568
9113 3797
9970 6481
6068 4461
518 1139
2449 3225
6869 7486
503 854
5160 6914
872 8249
2498 5411
7595 8290
2887 2392
5305 6088
1763 5406
5259 5184
752 997
9386 4171
5012 9112
2910 4276
8317 7709
5853 925
1765 8197
8160 5326
4953 8220
2172 440
3547 4248
819 7643
804 9764
1197 155
2722 965
5582 4596
4658 4000
6462 203
165 2008
1815 6182
1026 5137
5991 9781
6756 7681
8858 3861
7720 439
8987 605
7089 7602
3594 2035
839 5444
353 7988
938 2953
505 1374
2758 648
6014 4569
1259 786
8899 9916
6618 857
6825 1602
664 8903
7486 6427
8078 8278
8214 8817
9938 5361
6163 6768
3872 3397
1115 9140
5914 3180
2562 4752
1807 4863
6296 8806
7527 2045
4438 1168
5197 5273
5228 8121
6190 5658
9622 8998
823 1460
4479 9316
8552 4781
905 8500
5633 4037
547 3850
7975 3705
8037 1743
9522 7370
4851 8158
9636 8393
835 4156
3244 9583
5008 2756
6246 9099
4053 3991
2795 7261
251 3883
7175 1336
3978 4657
5859 5265
5516 4755
8800 4575
1134 3292
489 7832
1747 6436
6935 8118
3415 6824
9603 8657
4818 6748
8597 8255
8896 6022
1458 2911
9879 7029
8565 6668
3999 3880
3528 4288
1172 233
3576 3017
9236 1325
8591 5434
7469 6346
7360 6616
1286 639
9329 6879
3909 2277
2723 8470
3169 1297
6016 6061
8209 8456
3901 5042
1243 9588
7451 6779
25 4668
9046 3684
3403 9325
6241 4105
4665 3846
1328 6143
8427 9161
5704 8669
6061 6512
7139 2309
5688 3995
2285 8044
1080 5251
2992 7687
9811 6986
939 3604
6473 2686
155 1140
6601 1513
4019 158
1990 9239
6691 2590
5399 2531
146 2733
5789 4845
7920 4561
8634 5710
7769 1107
5701 9475
3454 6214
8020 3487
415 3354
2984 4700
1899 3653
4924 8130
2812 9587
5726 7757
2056 818
8663 2333
3039 1270
8206 1819
3667 4344
3456 3834
1707 9683
9758 1406
836 3588
2779 2672
2719 9103
57 3441
9263 5975
3149 429
7218 7442
117 9675
3922 4262
486 3920
8446 6261
3764 6186
5885 1955
859 8010
7640 6984
9692 1683
2054 1975
6395 74
8224 9138
5417 806
2776 5745
4913 5212
1168 5594
2480 4332
772 6930
2007 3685
580 8760
8972 4662
5775 1764
6731 5987
3448 7282
4573 4509
9316 4773
4144 5782
7176 6059
4720 4564
6837 4656
437 9721
7472 7407
3637 2263
8848 5207
9211 4108
1255 9700
4480 8112
6074 6005
5676 5068
4216 1458
3225 1896
9883 780
4634 9092
6572 3968
5758 2819
8806 6082
3843 5417
9279 453
7338 2176
3838 2803
8348 9187
6156 3972
977 4118
7345 8686
4115 4479
3858 6192
2512 336
8585 7565
3310 8595
2281 8203
6410 4209
9674 148
8465 7293
107 5278
2924 7473
9939 3436
8667 6276
3607 4594
5983 4537
687 5427
160 9761
1910 1634
3206 7177
4062 5796
9253 6267
9991 6708
7522 3005
5207 6111
2076 4065
5380 4456
9230 9551
8556 2465
7783 6488
7985 4554
9937 3147
6544 3260
9267 5424
2608 1699
2187 9146
3034 9778
5066 890
476 7070
7162 120
8532 750
550 6096
1527 9732
2814 7127
8365 6943
8195 3107
3064 1549
9901 6933
2615 6924
9203 5264
8285 9026
564 2443
3736 8530
8176 3066
2422 8516
509 3661
3326 7378
5869 2851
241 7858
4296 2516
9505 2884
3168 6211
5105 3860
9594 5288
3485 7110
9107 4165
4494 5078
3525 6846
8652 4359
1131 3427
6749 9717
9598 7164
6671 5174
2170 5400
5154 1105
2351 5972
3615 2083
7318 6274
4442 7382
9745 8739
7556 1425
5596 7330
7676 4566
8610 3874
9227 4317
5990 8735
3299 4912
6143 1369
9463 194
1485 4551
6547 8359
3859 6435
5169 2769
5592 8039
8435 5109
1082 2364
4903 9130
1410 2945
9380 7835
1645 2321
6654 6405
8034 5930
6153 6859
4484 3800
2508 6738
280 5098
6327 4704
3161 4043
1015 2574
2964 6770
3323 4692
2379 7595
6579 4376
7196 8648
1817 248
1702 570
3599 6320
312 8717
9530 1198
170 1717
5377 5578
8489 1002
8110 3699
8780 6761
5773 4957
8290 988
5610 4962
5490 2359
9871 2607
6460 9215
4857 3961
2032 8464
1836 4144
2966 7811
9676 8568
5921 7822
1193 8495
7965 8337
8529 2255
3702 1802
6328 4112
8296 2347
1450 4577
8062 6518
9254 1892
2288 2923
5078 5236
1018 1182
962 7990
9007 6086
4205 6438
1102 5044
6065 5229
1092 9120
6411 721
8874 6871
3813 4488
5378 9377
636 3164
760 2496
6812 7178
4699 5635
9086 3138
2699 5197
168 2260
1498 7932
1723 8378
7182 9809
3194 6656
8458 4259
480 3884
2680 7799
7180 9153
2985 277
4806 3852
9850 4183
3210 5089
1027 1191
8469 6029
3416 1855
7549 4080
8150 7108
8070 2327
2440 3787
6196 5531
9109 3957
1135 4811
2579 2795
424 7574
3117 5249
8581 3148
5643 3473
8925 8441
2731 5896
8406 5960
2960 8986
6568 6097
1719 8888
473 4553
9358 9259
4776 5221
9616 3240
3579 1997
4269 5077
3790 9483
389 5810
2457 2732
268 9104
9159 9209
9367 9619
5439 7154
537 1088
302 4530
3616 6239
9162 4713
7557 1843
258 1280
9489 6204
7252 9498
7864 6092
9513 4516
7817 506
8054 883
4457 2087
463 9940
3713 2873
2896 3096
7319 5218
9208 8842
9932 3411
7493 8963
2125 9320
4640 2926
4736 4390
101 3708
7459 8246
7803 9770
8002 1075
2506 3144
4575 6532
8405 7599
1865 7055
6888 2217
4624 8656
8503 579
4727 3061
4971 1657
4059 5206
5533 9515
899 8488
3898 7392
9168 404
5815 6209
6354 4481
5992 5639
2420 658
9542 6825
5628 3964
6443 6135
7143 7755
9350 3442
4184 8848
5318 4591
8643 4565
9997 8953
2384 6952
1632 9797
7644 6409
5777 2508
3767 4497
6034 9561
6968 8399
6254 5555
1578 9931
278 5120
2250 6759
2361 7794
8149 4786
5090 5018
1828 2171
6524 3954
667 7650
1488 2102
2616 2139
8199 1925
1916 6677
7276 5017
7304 3894
2431 5052
1126 1647
937 206
2335 4750
350 4221
5715 370
4428 6829
9093 2741
450 6416
1581 593
9912 6544
2264 1430
9848 3088
5549 5889
4452 9782
6578 5131
6199 3639
9832 3023
2743 9642
3293 1596
701 4451
9274 6472
8721 8192
2860 3785
4012 4242
9928 2971
3675 6529
3112 4419
6405 7389
7026 6154
7634 6832
3462 2489
9736 4308
6511 9927
4831 1492
8942 1832
497 1372
4272 3392
2501 7800
8510 9208
1435 5436
5571 9114
3463 7308
5061 1416
5403 1609
3796 9545
5721 8404
3459 6011
4885 1524
5554 8011
5023 3270
1999 431
9673 261
5262 9518
7760 8552
7184 6886
2425 5644
9593 5365
4422 20
6155 7409
1240 2258
5968 7286
8084 195
193 7872
6557 5234
840 9152
1556 9277
4919 9066
8515 1433
4799 7453
8936 8613
6108 6159
4726 2989
3707 4952
52 1991
5016 8677
3921 9108
4147 6485
270 7199
2242 8471
9245 513
8013 1644
5025 7245
9694 7962
5283 9392
2233 3216
5268 2968
3896 5158
5824 6771
1447 5177
8754 5055
5161 2794
4412 5992
7697 6961
1425 7607
7935 9391
8126 3766
3770 6877
4304 5219
4418 9391
5267 2131
4941 1787
2084 4304
9492 479
7412 3201
1297 2613
7243 94
7585 7982
8181 8993
5912 9686
8059 8323
5653 9102
3584 4680
5530 6007
9023 2841
5469 183
2435 641
5567 6376
2401 6050
1461 6094
2516 3184
9206 4417
9952 8850
6396 9466
5862 3100
3831 6430
6609 4684
9876 1077
9606 8120
3582 9308
980 441
9269 173
811 8436
2867 699
128 7914
5640 9719
9175 5626
5147 2621
1959 1574
7515 71
8048 9448
3527 9296
4476 1956
6364 8983
2694 6688
1721 1284
679 7833
4371 5287
8954 9669
209 88
2062 4095
9294 2097
6221 1824
5827 3983
6075 4282
8757 3073
7239 2418
1023 4472
4559 9865
4445 3509
8842 3320
9710 1611
483 5516
4760 4741
2916 8077
8678 6194
6803 914
1406 6680
8654 3611
3063 1951
2767 6836
7934 3922
4980 8081
2513 6899
6639 8312
1277 9012
7611 4097
4753 3840
1464 2980
5735 917
9739 3297
3366 2137
9219 4075
7479 2022
420 7716
7161 5330
2939 1576
7825 1481
5890 7452
3217 7648
1033 7332
5695 2584
1055 4789
9251 8597
3159 6891
6017 5135
4506 9646
2458 807
4051 6429
4254 8827
9608 9162
2594 152
6299 489
8879 708
3984 2060
5920 9877
9664 9159
4698 7942
3255 906
6878 3329
1893 2507
5739 9653
5450 3885
4829 457
7351 2638
6322 2606
1921 6000
689 8285
7949 1586
2326 7629
4386 2779
5984 4826
7115 9001
7202 1046
686 6360
9466 8961
5396 6546
6758 6629
5856 7728
7576 6163
6105 6603
3410 7768
1028 5014
1314 4919
3663 9430
8884 9500
9344 1342
944 399
1254 6475
5594 1426
5053 9370
4105 8534
6347 7634
1280 7834
3805 1844
9003 7316
2254 3418
382 5532
7154 4170
5843 7683
3628 6659
7210 707
11 8932
4563 9724
3349 132
5119 9773
9769 1144
3493 566
520 7428
6081 3718
8006 6398
7167 9863
3419 5625
9371 3360
607 3391
5995 7535
4425 6373
5455 4691
4015 159
7684 7386
5077 2354
806 1631
8999 8019
1897 6279
3300 3619
785 9859
1010 8621
2599 978
7408 3404
9458 9334
1631 6480
3912 6369
3171 43
7220 1595
7831 6085
9899 8115
3202 2540
1963 9999
8249 5047
737 1248
6386 1907
6284 3959
76 8116
4029 7191
1258 7421
1726 7812
3679 4310
6587 2747
3653 5671
8295 2367
2897 8034
7295 4443
3427 5922
3587 4988
906 8980
7056 9287
5952 1362
303 6865
2303 378
4802 2517
3423 4187
72 7430
2605 1301
8734 5807
9074 8398
3434 7250
2051 3626
8485 1555
7442 2076
8096 318
7619 5328
4158 5927
4523 1040
6022 960
890 2233
7704 6569
4978 8761
228 8877
787 5301
5614 6326
3781 9450
2478 9197
8168 6065
2387 2509
2348 6417
8216 2187
2954 9601
3691 8559
9088 7731
7821 9638
4657 4992
2705 2675
953 7925
2500 2229
8727 8095
481 4167
8902 7183
133 3939
1671 8746
2087 7957
6974 4757
3618 4720
846 1081
7918 4454
3322 7767
7621 6080
6186 845
7484 868
1749 795
3421 8027
1918 3129
1903 8833
5917 6345
3644 2783
7677 2318
2023 9079
1574 8472
388 793
8535 6620
7017 1671
328 6897
5203 8164
6248 5606
4367 7157
2515 6199
4710 8529
2262 6635
7823 3131
2922 279
7543 5941
5374 204
565 2162
3362 2966
7835 6190
5002 2763
2438 5829
9422 6364
8201 2129
1609 7967
7111 8190
3283 9983
3708 3952
9443 3234
6083 4457
7266 5518
4576 2390
2658 4926
8358 3829
119 1488
7889 1582
1260 4638
3795 6313
7537 8690
3438 4652
6940 520
2537 4753
8254 8314
122 4160
2762 1830
5580 8352
3235 5023
6433 5663
2688 1014
9646 8558
7953 3788
6333 9507
739 7460
5730 4519
4362 7610
2342 8819
19 7125
6385 8443
8253 1908
9927 7762
5322 1918
6116 2967
1558 5823
7236 7465
6265 6763
3950 7778
6966 1200
7191 1385
1192 8883
7782 5832
233 7857
2683 3274
3817 9491
7036 7367
4695 6633
1265 3703
7147 4859
1535 1050
4741 2728
8603 1338
3382 8090
8508 694
3267 8052
3650 6736
4680 5103
2612 5171
729 5966
6793 1273
220 8348
7016 5461
1538 18
1101 2326
9457 5716
5788 3283
1920 4015
8092 7688
5334 4843
6971 439
4964 4733
3062 9477
8018 9660
808 5289
4568 3910
4662 4176
3230 9617
5437 2062
2124 1988
1758 1785
7331 7608
578 6506
6023 6995
1831 6207
1448 8298
1759 2817
7554 7944
9059 3576
9778 6020
7957 5175
61 6123
5144 326
6912 1807
5192 3571
8623 9
4166 5921
9552 8695
4063 2314
6084 8212
1524 3415
8959 3958
1512 1738
3433 6368
688 3104
7047 4790
3091 8600
2370 8480
255 2280
279 9454
6067 9854
7903 8665
770 9917
2010 2521
1352 9871
1993 2845
1692 711
1070 1000
8442 9319
2689 6926
3219 3868
134 2337
6384 3716
1520 6335
