10000 9999
8549 5769
5485 9938
7672 857
769 7973
462 4915
464 9906
6990 8182
7795 1470
3427 5509
4682 9898
4087 6503
3533 259
9211 7271
1228 1530
9157 1275
9114 8231
2192 4244
2063 9537
5081 3007
474 9565
4894 6004
3411 4250
2492 5444
5889 1604
3354 7880
8596 6057
4721 4411
5462 7107
885 6043
6580 8482
7677 6590
8285 9533
7465 5996
3440 4084
3408 201
4299 3169
220 1699
6649 3775
8591 4008
4857 8834
3851 9785
100 4483
2214 2221
6100 7262
4348 322
9139 2565
411 7468
8475 6722
6548 5518
6815 3017
8759 6093
4250 7440
1210 840
5381 1705
2714 1255
4331 6298
5014 4458
9423 631
6270 1727
8491 6382
6251 4052
8646 4996
5924 682
3507 5356
3986 7132
7248 2365
4130 4502
367 8059
9914 4096
1310 1194
38 1607
3227 7358
2986 4892
5625 3258
5056 9800
2669 8216
9542 4937
9393 7852
3826 1790
3852 8244
5925 7050
2258 4071
2743 8803
8017 8777
3250 6968
994 8751
4781 716
6235 3914
981 3571
4705 6827
1422 3162
1827 1123
585 5704
5717 5879
170 6576
1214 9344
7406 1637
8226 4216
670 6853
867 9910
3848 1621
7968 17
6976 8704
3478 1735
4641 7635
957 4083
5827 7828
5277 5923
7528 1888
539 5453
8303 3584
9705 5080
1636 2209
2385 3844
1786 6940
4577 2335
2409 2815
7343 3242
5856 3499
9485 7840
4455 665
4429 5267
1804 3784
4434 2796
6346 6345
1120 4425
2861 2955
9772 6158
7084 3262
7694 7650
3750 5439
2124 5005
1499 9526
4935 3664
6740 6986
596 3966
7421 4498
1769 5401
1995 2070
5958 1914
7650 3813
6506 7261
7466 7496
6256 1396
9178 4849
1734 1506
5927 5656
4003 4528
9439 3338
6030 4095
1231 3275
3867 8413
8631 9197
7017 7345
5539 7323
976 453
1756 8629
6735 6034
5090 7141
3297 7886
6761 2719
990 6160
1286 8809
4810 7701
4872 5513
1965 1037
8891 8694
7412 3125
604 9368
8984 1629
9665 953
1229 3027
4697 2835
6148 7348
9640 8327
9983 2825
8016 6338
5318 7415
7203 7660
7283 8935
26 2369
2295 6810
6982 3712
2034 3767
5364 3899
8823 20
1143 9735
2576 5341
8637 3064
4628 9594
7700 1680
9442 9518
2257 1756
6993 4061
3614 1486
4082 6560
7725 9210
1176 950
7253 4139
5008 8690
2788 2523
6039 4824
2309 8773
8295 1289
4165 4488
6051 3948
159 7750
5074 8379
6147 2082
1860 8538
9865 6202
4131 4645
7806 3686
4543 3
4907 4133
5972 6367
9068 4312
5749 8275
8580 1454
3322 8953
8392 148
8785 5577
4826 253
1369 7095
2233 2500
6349 535
4629 4202
8058 2026
4528 6343
4831 5419
37 7843
2797 7654
7423 7799
5731 8937
379 9108
4410 5230
6443 2486
9091 329
7913 4314
8978 9690
4936 9271
7408 7288
2172 2283
6970 8431
6746 1531
7053 921
4334 7805
599 1556
4160 8558
8584 1762
8991 4501
7747 6617
1843 4976
6585 1503
2822 2168
2662 4242
1680 5988
7266 1464
1254 8918
1820 8993
1219 4144
8272 8639
4655 9561
3131 8069
1883 7015
1025 1796
6156 4549
7517 7244
3410 3884
3282 1349
9737 9273
690 2105
49 9280
8536 725
5936 3436
3186 4316
1665 7694
9779 1825
4233 777
9621 6433
6091 3299
5455 3799
7659 2472
4314 5906
9567 2778
6591 487
6507 736
8614 427
4618 8329
3413 5670
5284 5837
2545 7593
6365 4757
2255 4015
9259 1093
9257 5847
2458 9200
8526 9676
7154 5233
3210 8262
2471 4853
3458 7187
6243 2744
1114 8347
2199 6008
3953 9468
6893 8628
2016 3574
8352 3567
6323 2756
8456 326
5549 3280
9761 7663
2839 4211
6509 2554
2437 2593
7349 5935
6989 2422
9658 2467
308 4246
1308 4694
8962 9005
927 7662
1235 3372
8868 5688
973 5229
9365 4649
6857 1763
9447 7811
9921 5352
9928 2790
3124 6713
28 2615
8123 2178
2748 3655
4526 2856
6184 1754
9224 7213
7103 6458
6747 4670
560 1603
3812 3074
7259 1866
4670 4107
1653 4452
6772 4215
4269 977
3392 3376
1753 7664
6197 4025
8644 8863
4859 1524
3815 106
4664 7481
1808 5809
7948 6020
3464 7753
9757 4550
1188 7995
7116 1100
3077 2091
1019 5004
8672 3801
5651 9374
8048 2068
7441 8085
7606 9733
628 8208
9416 9970
5016 4346
1198 7905
6118 8761
8911 9741
115 5601
4446 6289
3698 8212
1892 5262
8895 7600
4391 1804
8417 6151
3341 1728
6013 4598
8880 1542
3469 1594
5109 8109
5563 7077
5054 3575
3473 6468
1174 2277
8602 2148
6991 590
9166 1413
9864 6037
3712 6429
6917 8634
2664 3632
2770 825
6852 5695
4933 8388
2325 6915
9094 8152
176 3659
4654 1449
1141 5511
4002 5293
1835 3576
774 2379
3519 3053
83 5065
8382 5480
1181 6868
3193 5168
8269 9644
5677 444
4466 5431
4996 2471
5070 7602
9606 3358
15 132
1389 9653
1959 8981
6919 392
5106 3852
2189 1642
1157 1043
5545 75
9676 86
4658 3114
4124 3910
9478 1824
5801 5383
1908 2344
9798 2793
4168 2381
5236 4295
417 4048
5129 4068
4917 3222
4802 5804
5965 50
6009 1243
4820 5921
6703 3886
6166 3787
4584 1190
4033 9904
2503 2193
4051 8677
2341 6646
7975 3885
2366 1815
4786 9075
34 6526
8983 1338
2707 608
7215 5663
8378 2240
7746 3420
8099 2634
8152 4422
737 6558
9835 610
9895 7957
1343 7871
3584 8688
7988 4116
2082 670
499 1533
7902 4980
6360 8584
5614 1548
571 2172
6494 8737
3641 2163
7777 767
1874 6224
6026 225
2623 5089
3751 8971
1480 2236
5542 7926
7399 1098
7880 4251
4264 8252
3565 6094
5340 1772
1655 4927
3833 9109
1443 9022
5618 2727
8108 6738
1086 2754
820 583
3279 3870
3219 8932
7252 1408
8839 2997
9710 3560
8887 7320
3758 2848
8045 4151
3157 7770
4583 6782
2031 2322
9887 2688
3160 7428
4403 5121
2292 2121
6880 9404
5043 1365
4482 7771
2191 3198
8449 3649
8299 320
1583 4798
9397 9562
7078 5931
128 3725
9653 2424
6390 3611
2206 3337
5859 5775
2605 8692
1493 7475
7470 6733
3604 9068
527 9807
1795 6812
9639 3959
2528 5554
4260 4249
7535 3764
9106 5046
6101 6192
2432 8258
3879 1989
6419 5995
7472 2317
2414 9532
3434 3501
5100 6435
9797 4042
9636 9205
7111 2150
3960 2325
3602 5181
7995 620
622 8287
643 2307
8400 2145
2879 135
7638 368
2570 7014
5099 9416
7471 7984
1323 3827
9460 7182
9632 2208
5172 8005
2106 4427
3760 6837
895 5003
7464 7199
8601 735
3118 7582
3931 790
4473 3294
7662 9136
1741 2179
6634 3557
1890 4148
8523 8631
6711 6654
4652 5498
6228 8247
9569 4763
742 5044
7350 6150
7373 1620
472 8608
3243 5333
3346 8131
3004 7111
7308 5909
3002 2989
3683 3840
6407 709
3768 5212
498 9281
4332 475
7043 1237
4760 7123
5894 4926
4538 6586
9759 6770
4187 1359
6881 557
1470 3396
5241 4275
6727 7768
7447 4520
9894 2620
8943 5097
2912 2717
726 2827
6216 2738
2996 4738
1748 7595
5397 2153
6282 7434
6863 3022
8697 2006
1218 7965
5089 10
8830 1879
8901 7940
5096 9380
3050 1832
5740 643
2259 7221
3428 3808
3553 1487
5224 3828
7869 9304
1342 2799
7180 4377
2952 2426
2773 3901
559 9419
6891 6024
1844 7692
3382 1992
5264 4253
7644 1099
1498 3321
6890 8370
3757 8355
248 7633
8528 494
8539 2611
1285 1172
8094 7401
4254 6235
5472 211
1723 3277
9824 9828
5941 4131
1187 5644
6633 4713
831 2014
4622 9399
7451 8205
1127 2354
164 4606
1476 5492
1247 8457
993 8700
4451 7815
7859 879
1759 6278
6231 7532
7181 3401
8548 8720
4018 8473
4024 1448
5221 7003
979 8685
908 8987
9898 5178
2734 2129
2416 2487
1360 5803
3391 5378
1168 7908
8635 2722
7058 9599
3207 3123
7297 136
7658 5320
668 6581
7616 9575
595 887
2754 2795
3868 5631
8253 6295
8153 1814
3739 6805
4969 5640
5163 3310
7939 8641
962 5016
2279 8718
517 9705
7272 1291
3039 1665
4734 3392
5393 4166
9002 2972
8670 7225
5250 5657
4630 9245
6672 9752
4671 2159
3930 4851
9872 8957
7737 1528
4623 4064
1029 6262
7110 9928
9734 6344
1649 7824
4732 4003
8263 2404
8791 2481
8174 3357
3068 5281
3277 7061
9742 5600
2739 8710
4031 8335
9407 8367
8129 578
3303 7927
729 8234
7781 1794
9474 4855
3813 1385
9749 4213
95 4088
5210 6281
7577 5848
5499 1532
2142 6914
975 5375
2359 1444
7015 9328
7358 4669
5823 114
9969 2544
4753 789
9683 423
6602 7802
4545 6854
7375 743
6079 8645
302 7267
2771 4722
4006 9244
1958 8605
6212 664
3445 6186
1500 506
2317 9564
7797 9525
5764 8793
940 6077
522 9511
1846 7129
7146 6285
916 1239
4595 5520
3516 6437
4938 4366
5395 6992
3256 9356
7890 3625
6244 1941
4880 8642
3457 6922
7004 1653
7959 8166
1356 3795
7985 8571
5566 3021
4680 6667
8845 2100
9096 3398
6317 3814
2712 8769
297 3631
1684 121
3502 9621
7172 3538
7510 3486
2959 1689
5496 6084
8106 3348
7312 9430
6041 3391
1642 3281
6110 2837
8686 1798
9150 1297
4889 2656
3347 3318
6681 3768
8668 591
4761 9679
1605 3054
4657 7259
1772 7996
9339 1953
2140 3116
929 3783
9878 1326
9004 5629
9541 4280
555 2745
4305 3904
9368 220
1107 7510
5862 6814
9906 8894
6803 9393
8338 6079
6739 5958
4733 2845
1447 6446
5103 4530
3674 4985
715 2889
2645 9313
5980 2910
6730 4764
4903 8611
3807 8497
835 5351
7540 9553
1434 7552
5184 7357
5902 4273
3432 3639
4673 1627
2 7667
6198 5417
1623 1845
5863 9450
4072 1625
2644 7900
6679 7248
7733 7179
3678 449
8988 4128
2461 4178
1068 7948
6474 2646
1021 4129
8722 351
9615 6496
3167 2630
9391 8776
7718 238
9412 6365
5327 5751
1815 1773
2398 334
9943 9714
6712 673
2833 2770
7174 616
3123 1044
4700 9473
5538 8353
1979 4584
7345 8044
4125 3597
1686 5851
8708 9237
518 4441
2121 3498
1978 3117
6071 9781
5897 7730
3221 4843
5229 4044
3839 2314
2484 5370
861 626
6800 8330
2162 8432
1501 3936
2553 2288
3380 7615
4790 9045
6898 9143
6820 7103
5206 4861
4248 7779
1267 36
1113 552
153 1452
1156 1747
5616 5236
2053 955
6514 9454
5937 4421
1511 4633
2810 113
4225 7734
222 6501
6413 1073
5244 4023
9146 7075
4156 9708
2270 184
6575 5618
8294 5864
9430 6919
6126 550
844 3158
9719 8928
3624 1839
3752 3328
6822 761
2338 7881
7318 3251
6001 7637
8703 8442
9276 5730
7714 3595
2379 4288
3654 1312
203 9467
3945 1407
3011 869
5638 9814
3330 5083
1677 3118
8975 1781
3755 3700
5002 4677
5811 1970
2782 1563
457 7594
5632 2218
5534 8757
7871 3176
996 8541
856 8966
1980 3157
2823 2964
1394 1900
3069 1483
3625 9024
8589 6902
7064 2535
4337 2059
9944 4258
21 7580
954 3076
4540 8434
9162 2743
3700 1505
4392 8842
3216 1521
2098 6257
4039 7120
2075 7370
5119 5180
8752 6173
3125 1083
4064 4328
4191 5692
7035 1884
6310 3326
8197 3740
3015 6774
5227 9534
1409 9672
942 4946
4050 9428
3866 7342
9854 6835
9527 4822
9169 659
7444 5735
4750 8511
8121 3733
5093 691
4045 9433
2824 9126
1849 6354
8454 5573
9514 5072
1456 224
177 5028
8177 5816
6810 2967
7991 6832
7311 3605
7234 3709
2183 8502
8429 5739
2922 6822
2091 9014
8221 4797
761 7632
8356 7235
6084 2877
597 2938
5777 1540
1078 9222
8788 8902
9319 2509
2462 5942
9576 6356
2935 8223
8492 8475
3 6670
2291 5078
4319 2740
1961 4230
8281 2927
2571 2546
9355 567
3492 1703
8872 6693
9403 8806
2264 3226
8376 3124
5406 9298
2400 7628
1835 7916
6291 3132
9538 118
4174 4676
2151 3509
2742 8181
5475 396
7140 2551
9227 5975
8566 8904
8875 9839
989 8067
8168 3283
8125 6106
3664 6121
4057 6941
465 9389
431 6423
2670 5892
1458 1040
7689 2305
2564 6748
4363 9104
9466 7791
3895 7822
7204 1596
6886 4901
7101 4313
6833 109
194 1733
9303 1158
4217 3607
8162 3621
6876 5441
219 3941
2141 9387
4756 3518
9491 6628
9604 7298
8166 3005
5203 4701
3446 9596
886 4374
1905 5990
7091 2040
1744 1738
4140 861
9346 3033
1696 8519
1135 7774
6767 6518
1516 8898
3716 9529
2161 4359
144 5349
2565 3935
3881 513
1951 4805
4506 7311
6969 30
762 1440
1248 8781
490 3400
5330 2643
4871 452
9681 560
3661 2966
6573 1697
8466 496
2875 1029
4321 6546
3043 7833
5919 9681
8756 4323
7475 6811
8892 5225
4221 3662
1970 8481
3612 3687
1763 2435
5034 2637
6560 6299
7187 5331
8639 5916
9080 8965
6832 8601
2893 5070
5674 7983
3531 7499
2017 6630
744 6391
689 1219
8910 6655
9856 5144
8933 7612
62 4631
6661 4557
4532 4420
3150 7017
7433 6755
2100 9239
5053 8590
6564 2167
3513 9162
1598 2110
1386 7233
1798 8052
1351 5853
1361 4097
1207 73
3361 40
1306 5875
7192 5034
57 1779
7489 1615
4967 9611
5141 354
4460 651
5470 1812
237 2648
7298 1797
1873 6023
5661 9153
2304 9647
3734 7205
4011 5136
2796 2739
2607 988
9617 8887
6502 8814
2550 1262
9445 757
8381 6494
784 3608
5175 3120
8351 300
7538 543
5670 8548
8746 997
1260 6070
2327 2339
3638 8433
7231 2253
7200 5392
3185 1955
2470 8195
2019 8662
4591 3092
919 2951
1950 1325
229 1823
9290 5040
2527 7239
2700 1431
2535 6434
1647 5249
7592 3548
413 7989
2719 1341
741 4461
422 4801
6170 7863
7546 2590
2367 2961
5087 835
4914 8650
3418 6673
6337 3359
1801 6525
6897 467
227 7715
8188 3896
1183 1162
301 2663
2661 6498
9702 5389
6853 9042
7819 562
9970 2922
4993 8102
7695 4883
4768 6605
557 403
5855 2046
1105 8186
1699 2132
9785 4930
6659 8376
5181 7985
2146 8597
972 4307
6719 1952
948 236
8711 319
9727 7550
3233 6401
2120 8094
3438 5491
8598 4473
2413 4613
9175 1864
6306 6018
9880 13
4281 1393
6977 3207
6266 2
2985 3949
6675 627
4631 5680
5346 1069
6434 1356
7292 9427
8695 2243
2335 8049
7221 8382
9267 213
1471 5402
2345 8160
7564 5487
3781 4673
3893 4450
7356 7620
6096 2650
3603 693
5169 7178
7626 7043
8542 1767
6480 5260
8411 491
3982 657
7377 3731
4449 6271
8027 9017
7629 7960
592 8435
3344 2332
9901 7433
3420 807
4194 4717
5763 6620
1261 9231
6208 6984
5353 7150
4947 4448
1914 8427
1000 3466
4116 1764
399 1316
1322 7005
1707 5055
5033 9
3042 9243
5836 1006
4674 5119
3263 9972
9611 5135
3575 3439
1465 8911
4169 4863
245 2830
3636 2029
8006 9440
41 2405
3075 1067
4614 5054
6401 4103
4569 9516
8373 8050
9764 6288
7052 6417
2014 3911
2460 6735
7547 151
1491 6707
1762 287
2847 3016
2798 5093
4431 6379
889 5275
5168 4807
459 4367
9714 4
1778 3779
3218 2655
9729 1722
2265 9318
5138 3628
5970 660
2003 7480
1803 1113
6625 549
6392 3463
7802 6048
370 5589
6707 5416
1868 388
2885 8369
3156 2775
3913 4692
818 7800
8085 9514
5655 6645
9310 8323
5572 3069
7987 7488
2299 5189
1599 9609
4698 4001
1537 7046
5870 6908
2702 3554
2326 9674
652 441
9176 4594
8000 9327
2127 4681
4575 6010
9099 5805
6149 702
2711 3460
4252 6642
3616 3794
8976 110
7285 1979
6257 1659
6108 7140
9314 1721
9255 4548
2768 454
5162 9759
4055 7319
9504 3475
2523 5376
8714 49
1814 2333
3717 4642
3744 157
6245 3492
8494 1667
6217 8986
9229 7705
5359 7882
7461 9911
3306 1917
9317 4210
1236 6081
8701 9773
7062 1819
7929 5208
5403 9903
35 9449
347 9848
4164 6421
4617 3388
4467 1662
135 4607
5126 3309
9692 5142
2310 8796
3979 7831
5603 4726
4864 7465
2262 3788
3183 9465
837 4566
6418 4209
5861 2473
7156 3636
6541 9407
231 3001
9400 4232
4867 8753
4650 4951
5586 2195
3456 3197
2887 128
9001 8779
8182 3282
8781 3829
6763 9383
7750 6763
6410 5831
7958 763
1571 6108
3272 7151
810 1220
8230 2373
6315 1932
1064 3543
2898 566
7882 7314
8581 9076
6158 9093
8459 7897
8642 871
9561 8768
7130 8951
4619 7277
4883 7990
5281 1668
4902 9176
4972 6149
2716 5314
6125 9805
8507 1590
1220 9269
9810 8173
8558 2782
2858 4231
749 683
8662 4724
1383 9142
6075 1455
6394 8078
819 2219
9723 219
1466 6570
6567 8134
9750 2447
6987 4499
8999 7740
4852 6100
134 4090
2194 6368
6462 3082
8212 9536
6183 7913
775 4854
6549 1063
161 4060
1173 1170
8951 3102
9590 129
3254 4330
7233 2805
7384 9412
8199 6753
6189 8311
4985 4074
8858 1584
3424 3381
7773 505
2144 2238
6080 1330
7072 6424
6308 8607
1009 4286
1371 1101
2095 7953
7055 7738
9647 9206
6455 7249
4235 1695
9600 4954
23 8467
5204 5645
299 2633
9885 5610
7901 6263
566 518
3455 4031
550 6689
2598 3673
8258 7079
5881 5749
6617 9500
3166 8895
7736 700
5489 2423
1638 2639
5940 5056
5461 4161
7241 9303
5525 9486
7686 2994
5901 5302
7369 8599
4182 5478
6999 2092
4818 6064
6904 9853
5555 3051
2288 1430
6588 3431
7201 9092
8067 4844
8407 1231
271 1862
3054 1368
1128 8322
2356 5484
7691 2260
3702 5413
9327 2007
5467 9633
2602 91
3494 8818
6210 2247
7628 9581
5904 5049
5792 7867
1941 8340
5242 3542
5955 7463
6479 393
1757 2372
7007 5776
521 4007
5258 4256
8004 4995
3097 1999
5273 6215
9384 2228
3922 5703
179 9276
1557 9371
9200 7184
2050 6841
1274 8219
4141 4596
1663 7168
8146 7032
862 4155
322 442
3560 6026
8482 1427
4447 4710
7573 3220
5516 5264
8968 6552
2382 6995
584 2768
666 2503
356 6859
720 8368
5454 5268
7703 4618
2466 8203
3927 439
9364 9552
731 5913
4110 9720
9833 2239
9784 3174
9945 8886
6604 5835
5945 8196
8262 8288
5298 4766
6943 2896
6860 2392
4808 4663
2642 9701
2182 3756
3358 402
9869 1710
8944 2501
5 47
5729 6627
9920 5748
1782 166
5249 9338
8841 9882
8659 9823
319 7445
9369 4187
1134 5012
9773 9054
6974 8528
1408 158
7108 6509
4874 5705
3764 744
4639 1838
4324 9495
697 1292
6458 1418
9335 4390
4800 890
6034 4736
5373 5530
3647 1026
1933 1551
1455 5563
3855 7793
6468 4432
6329 5403
7213 4485
4377 3757
2630 8068
2117 3503
7993 6977
7306 9767
764 4788
5977 6537
4862 5780
2290 3989
9724 9236
6920 9528
3878 6562
368 7278
8337 8826
7908 1872
7575 6619
4576 4988
2690 5962
5322 3855
7936 9029
7559 6442
1854 4167
2781 6470
4930 7767
945 2273
6344 6309
3065 2410
875 7122
9992 8267
3715 2866
2641 6926
7354 3954
1544 1908
60 9665
6654 7416
4255 1623
6540 301
6951 6154
1246 3300
2260 6962
5828 6896
9225 3707
8693 7472
4183 1899
5896 4378
1580 6065
5049 4271
4767 6483
5493 4492
2346 1246
3114 6137
9924 1513
432 9293
2024 1714
2135 5533
6806 4457
7462 2703
5333 347
7607 8443
375 2370
191 1210
9699 4193
1594 1666
8406 6975
9829 18
3863 7058
1293 9122
9820 7854
6083 6988
4747 3807
8246 9948
3568 8618
4393 5799
4751 447
8442 4505
2163 74
5446 3800
5771 1369
8997 1335
1603 5801
2032 7597
5046 8055
8815 4217
748 5002
3589 2953
8633 2555
4869 9558
903 8462
845 5634
3655 6767
5270 6129
88 2894
5664 7777
9626 9779
3163 9064
8551 6054
2094 1863
3338 5150
5591 6719
8779 6369
8443 6684
9756 1446
9694 194
6157 3660
6855 349
409 3163
7731 2908
3033 8444
8249 2580
5607 9584
226 3970
4542 6117
4090 8366
7067 5774
4232 5700
1524 8364
2911 1674
9684 876
1388 6535
5335 2222
7275 9661
8436 5781
9392 4683
8899 1438
6412 5381
8599 5169
7381 5304
1627 4340
6459 1698
3707 7962
1404 8245
7299 5318
2229 5261
686 7803
2840 302
7073 19
8240 2858
6534 5380
3686 7098
4651 758
4259 1008
5778 3075
1352 5224
5783 5587
6879 5679
8969 6306
1094 4106
8084 3617
7972 4962
3876 3836
6169 88
6522 6272
1522 5778
1290 2956
255 6793
8273 4569
1199 5141
6248 8524
5844 7490
5354 4224
3406 8263
5457 7371
2205 7951
7525 4089
4423 9879
6162 218
6539 905
2572 9966
9476 3067
8552 7841
6067 7721
760 4004
6883 2274
9370 1423
1490 9324
7074 418
6049 5309
3626 6765
6420 8680
3471 579
9191 6857
1018 2691
205 3909
7858 7290
9144 548
4805 5583
8232 2781
3170 2891
2296 1546
3907 9726
2889 7657
9596 6571
1955 6665
9789 8420
2066 5888
4234 1451
5656 1405
2909 9161
1334 5586
543 949
9196 9312
5458 8286
4921 2382
6840 4625
7812 8189
796 7676
268 5736
6574 6071
261 8955
3379 4841
5722 7301
9860 7789
8742 9889
4844 7823
2062 7556
2767 3261
1433 4138
2177 9047
7209 7226
3574 9089
3060 4591
9045 3985
5683 2890
5552 9946
1925 9320
6085 5582
567 5649
5918 4188
2723 3402
4596 6244
1999 5244
4329 6798
8275 7041
4370 9294
6259 4534
5541 3476
5368 5174
6135 2974
5619 7431
2981 8940
1922 5825
3178 7699
2581 4944
7595 6009
7752 96
8638 4049
801 1211
6313 6855
5131 3953
8990 5731
8477 2882
5193 8438
421 1840
2058 7265
2337 4931
7640 8341
7617 7343
4276 7188
4523 459
8149 9112
7469 339
1353 5045
6930 9600
5216 8498
3646 6088
1279 8812
1856 3891
7218 3177
9586 7386
9793 4045
789 8862
6939 3190
9565 2888
985 697
1325 1535
4287 6632
1521 8948
6464 3448
3486 4558
9897 1161
1123 6511
2867 22
9061 5808
8605 680
296 5210
3365 9678
6872 7194
6798 5745
3633 2978
717 4707
3791 1894
8227 7696
91 7096
119 7555
2512 8530
4212 178
9082 9649
9268 8418
2713 2642
9252 5689
3644 2773
2469 3765
1668 4615
7089 5673
7766 2466
467 4384
5245 6247
8030 2055
3126 3291
8215 3755
4608 8636
8019 3517
2406 9761
2646 1811
5059 4920
6437 3430
6069 813
5706 5186
5711 5048
405 5999
303 2180
9436 2638
6224 8090
2331 4655
1934 9384
3271 2264
5590 2051
9649 6370
6743 2734
6758 3032
2239 7749
8805 6415
594 5636
8367 3387
1872 4628
4960 7782
6705 9217
8547 8783
2514 9031
2766 127
2438 8281
2467 5709
1048 9505
2658 6615
6422 371
1052 6729
4988 4986
605 6452
7574 2072
1907 5242
6077 6220
1852 5442
7188 3245
2805 9742
7665 6510
1966 6582
5966 6038
9221 4072
129 537
3513 2053
1139 3452
5613 5882
4025 8926
1651 146
7479 8084
4192 1612
470 5884
3623 3457
7811 9522
1015 8914
1692 4150
9380 521
1562 8523
7739 9180
4500 1988
2190 8011
3421 464
6905 3084
8850 1768
4745 6643
2160 1421
504 5386
999 2640
181 4000
1066 7051
495 9942
3396 7743
9584 4932
3601 5857
699 2907
9141 1244
1329 7631
8776 6199
2029 7769
6252 204
1439 2137
8979 2477
8120 1105
1615 9628
1468 9680
5986 8403
7378 4056
6847 963
3058 8739
7314 4024
8238 6011
9023 8683
988 2596
5304 7565
6427 754
3766 6327
478 7108
9902 249
3223 3906
5556 5648
8569 8163
493 2301
9736 3507
9689 8875
9312 957
1885 2376
2204 2718
7485 6362
9148 1200
7155 7710
7865 2968
3709 8614
2039 3900
3889 355
6543 9934
7230 1616
2836 6790
4437 1802
5975 482
331 1317
7861 6937
7277 8855
1117 2394
9670 9993
4775 603
7503 6648
104 3070
7533 6134
9563 2226
1318 8331
3302 4554
4679 3098
2286 1715
7570 8112
3730 4859
5202 8617
3104 5989
6589 38
5673 1660
8483 2456
5843 6472
1379 5993
4594 3759
6562 6874
6328 8729
190 740
8293 5619
4821 4396
780 5170
5042 8746
6102 7258
924 8698
9300 9453
1073 3872
5654 9914
7800 4073
6370 4684
2186 9939
5707 3182
5576 1649
2941 6169
2452 2990
4838 1658
1145 5482
8541 544
9289 7821
1989 1377
6835 7336
4205 538
4190 7192
6340 3377
7109 9793
6851 4514
4026 4041
7481 328
1570 7153
8718 1001
9927 7980
1947 4108
5768 5459
1896 9062
3200 6467
9916 7171
2966 6157
3351 3818
532 9346
7419 5030
4309 3200
3414 3685
8619 4205
2832 8440
1289 7162
6518 6519
7774 9349
5735 4891
4724 8864
7844 2175
8586 3701
9908 6549
7133 5415
8473 25
4730 4579
3942 1261
9500 5535
2727 9640
7185 342
8834 5220
1547 1047
84 2667
2863 6794
735 4191
4782 8003
574 1458
2212 7666
3615 2991
2147 2684
7075 3298
6112 144
5429 5458
7418 6972
5951 4192
2588 1522
6367 4111
8733 4992
8321 975
8784 4078
3377 9504
5379 4525
8122 5294
9343 1861
7545 3823
6454 8587
1876 3462
2491 2107
8113 6261
1400 8743
383 5669
8175 1611
4787 8249
7303 1553
7921 8790
2386 9336
450 8036
1281 308
9569 4298
6294 8384
9643 4862
3451 3619
7137 2421
1398 4237
3387 2657
7448 1904
4067 6801
9026 5259
2795 4115
9206 7149
4132 313
5532 916
5715 7603
366 4796
4687 1056
1028 1303
9778 9804
9987 3565
2660 6594
3195 5544
3561 3657
9531 7798
9931 3742
1084 5872
606 9940
4694 8221
4454 8594
3225 1910
7893 3417
147 493
3988 2729
8207 765
7351 7399
2115 7566
3203 1966
4804 4099
5887 2654
454 5912
9017 9963
5127 7677
6599 3867
6643 7825
4896 3629
7982 7958
9443 3583
6296 24
1170 4400
3119 9288
9483 912
5726 3778
8618 5418
1067 1885
4599 3250
5417 6230
2637 5983
5338 4913
7480 4678
8865 8547
3804 9851
473 1601
8787 4104
250 8394
8937 1339
7768 7483
5905 8097
9093 1311
2472 7838
2087 1416
6193 1934
1167 7952
8782 5190
204 842
6718 1304
3503 6090
7142 2816
3788 9198
6060 3129
8603 6686
718 6592
767 8860
8401 6110
1354 3305
7956 9409
1780 3216
6693 9233
2427 3736
5668 8892
3518 2155
5898 7497
7511 1249
3381 5795
4848 6116
1853 9103
8080 4125
9046 1230
3370 654
8086 8659
8820 9318
5839 6557
1496 5108
860 973
3266 8114
403 8730
3453 9869
5658 1081
1421 9592
4686 568
7992 7057
1845 5133
923 6682
3081 1610
5401 3088
0 8054
2009 7961
3728 6207
890 7733
5523 1977
7704 1284
3289 3569
3098 177
3794 3925
6780 3139
9616 6737
6646 5625
7321 3180
463 3792
7821 5759
1923 4789
1659 9957
7396 1420
1910 5635
6031 8426
5320 1693
8425 8792
8707 341
8318 6124
8276 3504
2179 646
4343 404
4327 1539
4527 6119
8042 9117
2917 9896
8772 8676
5820 8371
4172 3623
3900 1287
4961 2839
9769 1267
4904 3809
3765 8960
4373 3749
778 9796
8327 2300
5800 6297
9704 688
5366 3306
5845 4371
6583 9462
5409 6484
4177 1501
6447 428
3704 4005
446 4311
8518 2109
3257 3871
2195 4839
4816 7934
1427 4478
1602 458
6656 8141
4129 1223
6024 2541
4616 5658
2153 4254
6138 9461
8837 9119
2243 8569
5441 5896
6777 6534
2551 2721
8706 195
6295 7285
3350 2367
320 9602
6725 7855
4560 6638
1387 3680
1166 7044
8729 5826
8184 8043
1241 5858
6520 2227
2792 666
2105 6656
5690 2567
8148 5496
3539 9608
2948 3256
8964 5908
9923 7584
2843 6813
7269 507
1467 7419
4563 9172
672 366
2067 8106
8342 6223
2673 8944
6678 6436
4571 1871
2628 4599
2559 7516
3656 9835
5223 4538
7918 12
4435 8917
3742 3302
2593 5457
6113 6773
2465 5557
335 2852
2394 6675
1118 6880
9954 920
314 5643
4497 9998
4909 7306
5931 384
213 9874
1429 174
210 7652
7478 5059
8995 4997
5052 5854
7678 2700
5598 3027
8355 2304
7870 6624
6629 3000
2689 1089
1350 3393
7280 35
4888 8240
1587 2378
3371 7210
512 3144
4354 3887
1688 3152
7692 9756
8725 1889
9072 7891
4424 2930
3168 5732
5040 6033
5678 7417
5679 5991
8038 4370
9698 6783
7932 5934
5928 5154
1137 7030
9883 2769
4927 4240
2200 686
485 8833
9907 4293
6398 8633
9484 9698
5276 8251
1527 5324
8749 833
9270 3582
5528 8454
4231 1626
3298 2017
8416 1586
8320 8333
6263 2644
9195 3480
1129 8215
5118 9373
4592 6201
9717 8416
7184 43
9660 9806
1266 783
1044 242
3854 7801
8750 3579
5987 2625
8022 5684
8665 2711
1288 2190
616 4774
9241 3107
2369 5104
1160 4373
7340 2905
3369 3745
7699 3091
8712 6019
5794 6340
967 7254
7013 3143
1396 7448
9816 8428
2450 3272
7286 2324
531 4621
70 5465
6040 4945
2674 4028
6206 5574
1178 1411
1226 8630
7994 9852
1790 5889
6555 1139
8147 3603
4633 4852
9536 5362
1916 6700
145 8492
259 5068
7379 9196
2628 4741
8641 2438
8093 6906
3229 3940
852 1729
5058 5967
9967 7915
3395 3219
1617 4281
1161 7573
3049 9842
2717 6758
3817 2098
8802 3073
7300 8314
5148 8081
7147 9875
1676 1769
842 2531
6645 370
6093 8075
9279 8682
7732 9212
1837 3060
8747 8988
1414 9585
3299 3877
7680 2586
966 2879
2322 7006
6488 476
7296 4650
5164 7775
9622 1822
6823 1342
6272 4968
6171 1301
4119 4933
4738 2504
9818 4755
6783 4011
5645 1739
6953 3489
233 9437
5513 2761
6241 1517
2370 4889
7169 8903
4419 7067
4684 4845
6606 431
565 7917
3952 7090
4634 4905
1119 3236
6304 5773
8509 8137
2055 8091
9446 8675
4504 2395
1609 6426
4246 755
1608 4874
7623 971
3031 9531
5173 4662
8135 9864
5900 9888
130 3811
6353 5299
6003 9845
9249 6695
1930 4185
507 9208
1365 586
3883 5101
4193 8852
7450 5588
8620 6189
4374 1837
5115 2088
7115 3175
9930 155
8685 8056
5407 9165
7460 7939
2451 7626
3498 369
8245 5206
3951 5145
5709 2794
7143 9309
4554 5353
1065 3454
1384 5642
6242 9895
4384 6273
3334 5944
4151 8174
4549 5796
7193 2347
8173 712
523 6545
8251 9090
8005 3461
6914 5539
9130 9098
1633 3879
3761 1135
5799 8299
3188 4780
4350 2875
3567 8179
1591 3130
1588 9311
2393 8786
6512 1143
7722 4299
5209 4942
8810 6652
8277 5943
8313 1384
9049 131
939 1881
8165 2171
6771 2035
9523 7638
6490 4136
6073 5918
6087 1943
8927 3897
4494 5941
5612 3189
9006 8159
5424 7808
7825 6717
6945 8561
3091 3173
2504 6032
1767 433
9559 6107
2350 4337
7389 1495
6363 4654
1407 2256
7682 5152
6845 2122
1058 2892
9912 6512
5088 7023
5694 9855
1517 9370
4491 8354
9767 4066
663 2309
6950 6676
5600 4079
4015 8180
627 292
2340 9945
8661 312
6428 7746
5592 3324
7003 5987
7153 7982
6131 7084
1430 9809
6122 9305
4383 951
3663 9274
1819 149
2026 7506
5383 2000
787 314
264 1859
7919 3613
1791 2258
8827 3150
9382 5282
1540 3875
535 5173
3187 6290
917 2111
8201 7562
9171 3354
870 776
3400 1419
5961 6659
491 6904
486 3204
2596 9188
6831 3049
2033 9282
9421 3368
2764 7903
6020 8623
7501 9111
4128 9774
1051 3938
8167 3933
7506 9775
9822 3986
3376 8125
6902 9372
5331 1147
2073 4597
3485 7286
1 7158
8734 5626
8040 1477
3798 5213
7657 5447
3204 2491
2657 6950
8359 1990
9260 2191
376 7369
2757 4320
3902 1442
195 8505
1512 1679
1903 6777
4729 5363
6965 3868
9722 4823
1337 2532
3586 7921
5339 782
1648 4653
5332 7435
9135 9099
1606 1236
6185 4300
5130 9646
8154 6539
2010 7186
9995 5662
7758 4775
5770 8527
3287 7191
5909 3096
1982 6430
2753 2973
9762 8930
6393 561
5036 3820
5944 4358
3360 1475
29 6591
8322 5412
6038 8931
6737 2626
5858 8176
2464 6495
7001 3754
1142 4990
3529 7203
4983 6405
529 1479
7701 414
5588 1998
9230 9988
5285 256
8556 7988
8920 4392
8202 4465
4568 8001
9547 8849
7149 4036
9003 6850
3737 8409
2013 1700
783 4453
5984 1406
4060 5038
6713 6357
5998 6040
7235 8042
3885 4120
9502 3741
2724 2707
7238 1376
5761 7737
2919 1344
4717 2975
9804 5514
4635 3592
630 6797
4074 7220
4522 4333
7783 2548
4001 1702
3331 5149
514 7133
545 1696
2907 1233
7738 4970
9348 6316
1347 7723
7917 1307
9540 7022
1858 1632
7212 5404
8866 1353
3776 2812
3635 3149
110 8495
2844 8073
904 9768
1679 8230
107 2553
5593 9097
2449 107
9233 2514
7550 4339
6925 5110
5720 1033
6668 6996
9028 7143
8833 6296
3643 6355
2825 8380
3982 6540
3537 3040
1269 1028
6482 8446
2072 796
5200 8897
9309 5182
4492 4408
2704 7359
1640 1491
5784 900
7278 4410
6416 2697
9846 8705
1711 4434
8515 9666
2071 5430
1784 9478
4716 526
8816 8805
6267 8276
3212 8396
1864 6292
4725 7546
2990 362
8495 6488
7898 4555
8675 1971
4291 7260
2747 9131
4502 7526
6332 3996
5663 8447
9192 8015
5755 4093
9706 1582
7077 571
7585 5308
823 8381
7029 2366
1047 7977
3594 2507
4736 8398
8777 340
7576 3606
4488 8741
5438 2363
7969 596
7495 880
538 2166
1549 9743
6469 7312
5432 7873
3909 3515
5626 9402
3240 6410
1002 7558
7675 4491
323 7929
40 8151
6873 9234
4418 1323
7749 5051
1742 7366
8585 9436
2819 6233
7785 649
117 2917
1420 3140
7676 7848
5518 6603
7328 7292
6292 3711
2479 6390
3617 913
8624 4804
2271 4814
3113 4544
1937 9035
9721 4929
2864 3313
8008 1104
5912 687
4839 3089
6485 163
8331 2094
4014 821
3315 985
665 8014
5110 3384
9637 2407
4 6817
4823 499
1737 1637
7817 9849
1399 2045
3144 8315
3226 5330
9949 5098
2185 3873
612 6900
5062 5130
9059 4768
8721 1631
7036 6425
5959 946
1971 6234
1719 4372
2360 1657
3053 978
3476 469
7049 6409
8527 3610
6756 5350
9663 6947
1728 9147
7206 8386
6744 8835
4489 8243
3273 9319
2543 5832
7305 9749
3692 488
3401 5861
589 661
9396 1186
5136 4664
7530 4689
8727 3689
7293 7469
3016 4590
2687 1512
3307 3316
3579 2785
7427 3508
7388 7349
5609 9582
90 6514
8985 1125
7186 5171
6127 539
5288 7088
3024 1774
3301 794
5017 1519
9298 5289
4335 2965
9867 4017
6495 2940
4245 3691
642 9894
2368 5523
2012 4573
2925 1923
1826 5355
4978 9949
3824 4964
1032 2871
5478 3442
5356 2217
5336 6520
9055 4152
4102 8178
3912 1916
5166 237
853 137
1205 4720
4989 5448
7930 5284
3891 9361
755 483
8597 1313
2266 2652
6433 6277
1787 4759
5107 5947
5515 8848
3059 8867
4763 8579
2804 7679
2178 9702
2880 7659
7834 8556
6374 8963
1568 5358
9122 8734
5501 2254
9543 2861
3566 6232
9426 5027
9197 9043
1050 457
5011 9040
9669 6413
7589 28
317 1536
4665 2886
5476 9563
6954 2661
5834 5674
8278 9944
1565 1771
8348 8837
6286 8321
2059 446
9456 3696
5813 8224
4284 5405
2052 1945
2252 7756
2041 7505
6900 8157
8089 2099
8023 4656
3132 773
2927 3602
1391 6464
3828 1403
9999 4165
8426 6475
7134 9574
685 6959
1601 5764
4999 7675
9324 3248
6383 2470
307 1078
9437 4263
7063 9854
9248 1367
4496 5838
1717 2569
5850 5120
2933 9645
6601 7857
8530 7124
419 7609
4313 7010
6283 882
4920 2952
8044 1389
3810 2505
6956 5374
9417 9415
4501 2113
5434 4998
5124 2771
5922 4551
1645 7938
7222 3205
7831 3782
7604 7052
1671 3072
8343 196
9612 4973
4520 3903
4105 9607
9079 8077
1077 1614
3000 984
4395 2112
9153 9084
4932 3228
6768 4123
434 7215
4261 3944
4355 5756
8836 7195
9956 7648
1749 2583
830 7836
4256 838
5830 2451
1076 1749
2691 7209
2021 5374
3694 5209
3179 4617
511 6505
2126 5820
489 2705
5962 9623
7827 190
6163 4145
9411 2097
7708 5580
8993 9057
891 5327
7767 3762
9650 6408
8082 6953
9971 4809
4956 4577
2993 6660
8783 9567
4387 1118
9662 394
4444 9952
3286 5113
2454 8701
2383 2492
5323 9826
3754 3908
5754 4668
4042 1180
2505 8620
5230 7451
8559 611
5004 5217
8829 6917
4106 4532
5822 5452
1216 5954
7274 2574
3247 5876
7362 7578
9572 7608
4840 7029
3572 6579
6651 1850
8977 6838
4202 9345
6441 5519
4115 6269
2027 2073
5201 1562
9342 9858
2790 1726
7112 2286
7361 3856
7584 2441
2215 6178
6176 1398
7390 4614
7353 9106
6107 979
6729 6634
6249 9588
3928 6114
5465 8950
8155 3121
1988 90
6007 727
1946 4364
9464 7875
1271 8946
9578 3851
3844 9732
8325 9974
7125 3479
5994 3817
4149 1195
3145 4375
1781 3635
7971 8039
2901 3781
9018 3678
4277 9968
4603 1564
2025 5897
7605 8832
6636 2021
2834 4832
1359 6573
8871 1234
1667 2800
2022 1003
1619 747
2870 3758
4749 3902
9030 6412
1652 3536
1007 185
6164 7346
5186 229
4986 9190
7874 5894
3072 7176
7113 6283
389 6965
9174 7813
9038 5532
3596 5728
6255 5493
292 281
282 696
9427 5177
8835 282
7976 1276
3743 3580
466 4987
4924 1013
6723 4601
4822 939
4711 924
1163 4117
6535 6125
3133 1574
9282 690
5283 9780
2921 9615
6089 5469
4547 7589
5741 4959
4636 7557
6375 2244
7158 9066
6841 4776
9610 4912
9262 6353
4315 6341
6254 3511
4912 9300
2573 9299
3122 9638
4794 399
3136 5024
3339 1092
9107 9727
8369 8884
5122 2351
9678 5252
1998 3319
9648 9718
4963 3937
9933 764
1093 707
1195 7711
5468 2919
9973 6252
5621 7759
2635 1678
243 9375
9968 6989
7023 8218
4503 4522
6214 7614
8758 5777
5825 5451
9863 8711
7332 9863
4754 7447
5382 360
2123 614
676 6708
6504 8350
1253 8707
8909 46
4646 3676
6008 5023
855 3573
1920 3474
620 1958
7963 226
6497 4413
6750 8448
7581 7536
4586 6500
8138 7387
6797 3674
3116 1895
3171 4419
256 1793
5596 5598
4344 422
4339 1088
7245 6993
1405 3516
6090 2522
9884 6933
9744 1544
9372 3934
8286 9538
7430 6760
8418 4657
882 165
5710 2499
5520 9496
7394 5185
3008 9866
4899 2393
4992 6749
7284 406
2595 6895
8029 945
7964 6775
6778 353
525 6669
1967 1244
739 7038
9755 2934
3551 295
3261 6932
766 5750
549 3279
3846 1661
5689 1271
2375 5677
5748 1925
6621 3919
4832 5069
9336 1030
3487 3399
4974 883
3587 7368
9359 3957
6324 4611
2525 8755
5326 853
5892 6890
9188 3546
2813 2916
2978 2660
9313 4871
3819 2601
3151 6376
5155 8882
721 1792
6276 8962
5463 5060
1661 5466
9060 1184
9585 8612
7740 103
6813 8108
5375 8228
6584 7726
2807 99
6720 1924
4286 2713
4023 1643
5788 9455
7603 5910
5132 4718
8973 6438
705 3677
1816 5387
92 3539
3213 1646
178 41
536 7728
6901 4182
1194 8726
8145 2741
157 5546
6726 2020
2820 1980
542 990
3014 2420
937 9962
3497 7643
6550 145
1771 2284
1643 8405
8959 5887
8218 4616
3969 1386
3693 8539
293 1868
7526 6384
3973 4586
952 5099
7884 4733
2468 6141
8451 1087
9052 5137
4312 3695
8101 1608
5765 3848
6250 2251
5120 8984
8989 4659
1377 7651
7276 5345
7571 5254
7126 7307
7477 5772
7307 5489
5344 6145
5061 4361
4206 7641
9015 8088
978 5472
6343 1017
7799 7783
590 9913
1834 653
3576 8671
1727 5744
8825 1390
8304 8324
8307 5435
4158 3622
9433 1015
3856 4793
9730 6179
7776 2060
7038 6651
3949 124
9826 5095
645 3168
7683 6563
6689 7832
9461 4426
120 1324
3259 5794
9073 1247
9205 870
3211 3410
6225 3825
992 5232
7219 1131
9685 5666
1620 7253
9518 7104
8986 5273
9870 5322
3176 9220
6475 5265
8616 9893
2633 3373
1255 7456
552 5770
813 1412
6878 209
3300 5276
9167 9087
7792 1593
7205 2787
1992 7724
6838 4637
621 4685
9102 9134
6782 3596
588 2853
3514 233
9173 5201
4229 4121
758 574
5888 2025
3101 8582
5388 2982
8053 8034
7670 6600
4220 14
6547 5454
1222 8010
5746 228
4524 5698
8096 998
9450 9195
6985 9182
7593 248
5422 5733
8516 9124
6640 5366
9840 3958
4691 4651
443 5019
9101 4362
6663 7621
1818 2585
4611 321
920 7064
123 3137
1683 7722
1402 6164
4214 4605
9668 9257
8775 108
1812 1599
2412 4965
7327 1534
8510 6465
63 6258
483 1193
1660 9580
6657 1520
4819 3514
6489 1450
4585 207
8397 6732
9635 832
725 2694
5154 9214
9354 9241
5469 1086
6619 8927
7962 6808
6264 2536
2111 6140
3672 4546
2841 2002
8893 852
3258 1583
1282 8246
5072 162
99 8924
4238 1000
6728 1559
4367 2810
6714 6139
6036 348
3629 6339
3963 9669
453 5591
716 1283
8689 1991
3619 3568
9071 814
3141 8138
5367 6096
3496 1976
6924 9351
332 7945
8467 2925
2006 2742
8156 9935
9693 2202
1410 9317
7515 8149
6261 1332
2092 2357
3932 8990
679 2527
8052 6849
9592 2683
2950 7922
9299 9174
1268 1906
1297 8019
4825 7146
441 4873
5078 779
8056 3805
9273 2396
68 9063
9950 2041
1149 8378
8677 5117
7998 5429
447 1336
1381 6910
3795 9892
1656 986
1861 9877
1477 930
8323 2943
5348 2836
3447 200
6094 2151
8164 2538
9401 4925
6456 9954
3524 1843
429 4792
359 5986
353 6885
4481 7268
5636 4477
3527 3556
9337 5994
3319 2452
688 7514
6178 7126
3078 4016
3308 8002
4405 5396
1144 844
5531 3136
5543 6911
7997 6212
1805 5296
224 1251
7145 2603
2648 4196
8010 1497
7868 8622
7260 6030
961 4082
1735 6951
7990 1826
9090 2327
87 5214
6864 3530
9185 3995
8388 7579
4445 9133
6309 7354
6362 6800
8370 5062
6209 4867
8282 7089
7942 5194
6983 6607
5667 2524
3898 1166
4602 6420
5934 8712
2589 3609
5177 4813
6258 6407
477 9256
8726 6806
3894 8387
1725 2272
5108 1203
817 9021
8502 522
4536 8941
1869 2526
7614 95
3763 1152
4428 7511
577 3330
2293 2198
2000 7991
2102 8681
3228 5959
6697 7479
8998 692
3374 903
2780 5531
9602 2013
2315 5007
4535 8194
6861 1640
8773 133
8410 3618
7875 5753
7984 8391
1938 4896
2613 917
6790 9154
4242 8572
9695 6946
5282 1898
803 1245
3659 7847
8673 850
2685 4630
7633 143
1574 3390
3847 3218
2732 9559
6593 9418
998 4834
8715 1549
3390 9918
3169 5873
2647 2636
1740 9830
2801 9219
3899 1983
6616 5187
6351 7381
1800 8725
8658 3761
9420 2460
534 4512
1103 8828
1452 4935
4704 2981
4117 8349
2816 746
4163 2103
4587 8896
9275 6431
1212 5015
4945 8543
3352 6932
7458 8752
5985 3426
8906 862
8652 3681
6018 9964
8024 32
851 3059
4209 7145
5185 8087
7027 3963
7132 5822
9222 4783
174 5594
6377 932
9048 3389
5581 9002
1567 4407
2999 2671
1101 4667
50 1494
4012 3878
3066 2127
8811 8929
1316 1848
8794 1181
5031 2887
4000 2432
6516 2174
9220 6703
8204 6
5672 363
8156 9625
3475 4051
7434 6532
4773 5979
8256 2234
4448 9278
1074 7092
6766 7333
2301 9915
4731 4301
5480 5158
5142 9377
3342 3369
7791 3744
9515 8284
1155 2289
1644 2108
934 7517
2089 5243
7794 4727
8684 9178
3522 6771
6521 710
9661 7157
1722 6860
3110 6378
6355 737
8651 3196
5817 5336
2769 6453
1366 416
4316 9787
2035 633
2558 8292
1550 8126
5568 5449
9980 750
8290 377
1879 8780
6498 5515
5643 8326
4510 6609
1302 5859
3933 8531
1317 8074
5772 7065
582 3599
5095 7364
9265 3209
1977 6162
2164 9717
7741 4402
5624 6259
3926 6976
6799 7786
5321 9579
9124 4821
8590 1507
7926 4147
4100 6756
8068 9795
6174 9772
7261 6781
2371 8536
8524 906
6483 6958
2699 9038
7195 8989
6894 6785
4103 6752
2355 6499
3959 9405
1272 2279
8992 3068
5814 9357
2143 2093
2812 1048
3681 9786
3772 5146
7228 6050
5314 3211
5437 3013
4771 2807
6253 1654
4783 9426
802 6476
5000 8199
5602 5010
2280 8486
7637 7362
4863 147
3230 4641
2364 2883
6752 8006
1670 5840
3525 4399
4308 7196
2894 784
3095 8425
298 206
4923 2280
9070 2622
5092 5560
5194 3409
3402 2931
1263 5464
8180 2584
1912 8655
7529 1126
7716 7691
9899 9306
6109 9971
1487 6333
9057 3519
8902 2589
9064 3917
5444 2034
1287 5747
4495 4444
7376 1609
2944 8995
5831 4487
8181 5306
8881 9989
5372 1568
2968 902
3093 6523
221 9484
7706 4693
4459 9806
3349 6705
96 3971
5055 203
3461 4063
2616 3447
9667 9776
1842 9601
1779 5323
2401 3928
3246 6872
6484 7329
9597 7634
1397 5365
7410 5806
2932 3614
2213 6856
4499 5998
6844 5725
5021 1527
6980 4754
4517 2702
8402 5761
2474 4585
1096 811
9377 6834
7291 5901
1474 6524
562 6056
3040 5919
197 1327
5028 357
5879 4065
8380 4882
5696 3406
3022 1912
9991 1630
4271 9825
435 728
1459 4039
4297 3812
7938 2665
4672 5527
4648 3974
9646 4747
7398 3335
4626 672
9984 4027
2604 3301
602 2383
6179 2659
8396 4164
1685 797
5213 405
9100 1151
9975 4675
2381 8534
1182 3327
6182 4199
2081 6203
2718 3424
4878 7829
9256 7074
6129 6583
3987 7489
9129 3259
2171 3838
9557 6704
1541 6983
1634 1572
4564 8721
3808 2512
9546 4831
5797 6561
7999 926
3861 5245
984 4472
9926 9881
2104 1575
1442 3455
7684 9479
5908 5592
8609 1372
285 6945
5254 8868
6842 1266
9919 2454
6695 309
9526 6358
5511 3716
6785 4190
8807 9748
8111 9252
7387 2299
3076 6649
5352 316
1023 6536
1041 1108
3811 4760
8229 9218
2532 5315
9424 3697
5884 9284
1954 5869
8478 3992
1497 7935
7634 6087
4077 7592
4525 3861
2251 1060
9212 7994
639 7858
5733 5303
8312 2547
3324 2945
3611 7413
1300 6550
8191 8265
9422 77
4275 2399
2168 6493
3599 1045
4477 1258
7522 4511
2987 6414
2489 8423
2973 2511
5640 2576
7600 6266
5453 5865
1590 4519
8345 4672
7889 1973
6536 1672
374 9020
4413 7173
9418 4489
7730 1103
9301 3477
8289 7577
4302 3473
9868 597
9946 8794
3721 4067
2756 4141
6519 4658
294 286
5421 3484
8192 9811
1088 9424
1891 8100
354 5150
274 2627
6698 6743
7022 1027
3192 3165
5289 1489
9530 663
42 9166
3477 4331
8346 555
7273 57
175 8857
5577 1816
4900 706
2005 9027
8235 5926
1259 9523
3740 719
8544 8305
3901 3728
2610 4223
1824 7525
1681 724
3501 2865
8595 3260
357 53
5635 2192
4292 1232
655 2958
847 4728
9116 6554
5274 8188
6882 2822
3993 6000
5153 8854
5386 4952
2612 9095
5921 9442
5231 4627
7436 486
1694 8782
4319 3854
13 1677
4884 5928
1374 2437
321 3846
2481 5163
6476 3095
9121 5746
7652 3718
971 2737
3504 4924
3696 6833
5305 8229
1964 1155
3073 1842
9780 1552
804 8555
2248 6795
2793 3690
158 2970
4112 7086
9623 7564
9127 2037
8907 7776
4613 3235
3202 2666
759 4456
8064 5765
896 847
3085 2521
2726 6672
2698 2806
9010 3692
3121 3634
2534 7019
412 4784
2096 3210
1014 6147
2677 9379
7805 3822
3793 525
7872 2575
4289 3038
6196 7653
5886 5933
2430 5651
6979 1648
2078 6393
5742 2690
9528 15
9936 5205
1372 718
5113 854
449 5968
4063 4563
9334 5503
6655 9350
8462 7853
8847 2920
8861 6588
7952 7613
5252 7424
1701 9587
6731 167
9467 8016
9845 3269
6403 375
815 818
2800 6567
3397 5950
6545 8096
2554 2649
4404 3729
6706 8308
8894 6392
6281 9055
105 6899
1675 8399
1111 4666
5519 2747
5915 1426
9408 6002
8671 2368
7118 8086
8137 6287
3285 7955
2372 6678
6473 5183
4480 4535
9985 2723
2180 437
3965 8838
7262 841
6238 7109
4740 5036
1483 3257
7338 3148
5045 7332
3541 7420
7315 4746
7150 7585
67 8363
5116 8939
3628 7739
8960 1628
9641 4978
8021 1841
5738 4559
5642 9060
4774 556
9712 8900
4262 2293
624 8250
8489 8520
2480 6221
3972 9150
1952 3097
102 6568
799 6402
2957 929
380 1737
7772 58
3857 6807
6839 7687
5657 2903
564 5176
8018 1515
7424 5184
8946 8581
8460 5199
4966 8915
1449 7999
1589 1142
6546 7762
5378 9540
274 9873
2972 1300
4490 4504
8615 5713
1917 5603
2693 7780
7438 5708
4065 5786
1193 81
6287 9353
127 4576
8360 8494
1509 9378
2561 6641
9843 605
8573 7718
2656 2042
4368 2329
888 3997
3515 3286
5291 2184
8441 7059
6877 9028
4243 4040
8329 5499
2244 5022
6576 2245
4425 7907
7552 3154
1712 4430
4411 9151
8375 8153
5537 8890
7996 2348
4755 3375
2958 8947
2408 7912
6234 8123
7707 1002
3208 9975
1081 2246
9524 9723
2455 5939
997 84
8582 8525
9269 2297
461 6411
199 5617
8187 5646
8593 6246
8487 2701
9235 5161
8942 5683
7468 6610
9979 1853
7934 4769
198 1752
4726 9725
8189 9865
8415 3234
6440 7065
7500 7554
4471 2695
1990 4588
2119 6809
8664 3223
427 5427
771 6253
9535 671
9739 8175
632 4360
9813 7754
5821 9364
6213 8306
6605 8008
7897 9466
2332 4953
2348 1704
2856 2942
8150 1514
3089 5814
8260 4570
7666 9283
5010 3641
3245 4110
9556 8664
4053 9508
2886 2012
6074 1272
2760 4745
7404 7688
7491 4381
871 4021
4398 6346
7220 536
7020 1968
223 250
4288 5609
695 480
6709 7377
4593 1238
9725 8061
8414 7894
5775 8922
1698 6596
865 7444
8743 8041
2897 5549
6368 585
5933 6398
1689 9657
4834 7071
7166 7781
4689 262
8383 5789
1481 1902
1831 5849
4422 3703
1060 7686
6907 4971
9832 7623
702 4018
1536 2138
7945 2632
4516 4388
6435 1248
3006 7131
8819 8133
484 172
3289 9254
4038 2534
8050 1072
5978 1310
1810 1328
7151 6987
727 2104
4388 516
5835 4265
7966 3824
5988 2444
2037 7493
5347 2540
1750 5408
857 645
5727 2591
3729 6387
1215 8062
6884 6912
3924 4893
9558 9334
2738 5310
4539 9639
8766 5266
922 5612
4663 529
6273 2164
7822 182
8987 5043
4273 8164
8124 5630
1691 1892
6397 3432
2420 7207
9076 3414
2478 1182
9996 6188
5419 2431
9841 1652
9494 3922
1752 1334
9228 3955
1472 3268
8683 9695
6194 1005
8387 4779
7335 1886
618 7911
5773 7865
5128 4435
7258 5534
8059 1277
5917 8474
8537 7760
3092 3495
7081 4308
1063 8051
1857 3943
617 3832
3084 9501
497 9573
2946 4723
1411 4705
9886 3668
3850 3667
9879 6964
369 4303
1673 3202
635 4923
8130 9620
2170 7539
7762 8210
9170 9310
8434 514
7572 2698
4075 595
3731 2155
2577 2520
2842 2429
4580 1634
2287 5422
4770 290
1585 3041
8886 4347
5286 5021
5597 9870
350 191
3137 7876
4925 810
1406 7204
4980 1387
4850 2212
2329 6485
9375 7223
7135 8472
4483 5090
6499 8549
114 703
1618 7142
3790 6014
6641 7304
20 2772
8241 5391
8512 1694
1336 1946
1502 1588
641 4698
6299 2328
4870 8899
3955 3776
3800 2384
4279 9396
8965 9683
8840 7639
212 2298
1110 6848
7836 5715
2246 2728
433 6219
3849 6315
4940 2479
5358 4529
1593 8066
5385 4134
4464 1206
7090 3717
7896 5569
5039 9362
2193 3993
1616 2884
206 6432
8353 3471
1827 1064
7886 2605
9296 478
1578 7164
2404 9544
2129 117
6918 4348
7862 6072
5601 6888
7761 3694
1529 638
644 8736
234 8517
1755 3427
43 9539
8271 4583
494 37
8214 2124
7336 1054
6788 9499
2627 1031
4615 6840
9963 7931
9791 6394
6892 9782
1264 7684
2245 1014
9716 502
3548 2748
9614 6889
8854 577
3425 5937
3621 1414
4494 3113
3526 9129
7087 4977
7621 6639
1918 4462
66 4416
6402 3976
1658 3296
6070 3721
9086 1329
4931 2439
656 7138
7401 4234
5436 8589
7583 8266
6141 9758
8255 5052
9562 4782
5548 9771
4133 5425
6582 2312
8169 6386
2411 3964
5380 2409
4114 344
671 7073
5716 8508
8905 9388
2300 9751
8110 572
7826 9199
361 2744
8797 1655
9654 8570
8266 581
8806 9238
2860 5134
5806 2474
1960 3404
6658 5881
4295 8214
132 5978
3252 9932
5404 5951
8136 8489
9183 5074
9056 2136
2873 8007
109 7910
9371 6067
7105 7315
3343 7716
8900 5830
3905 3837
667 2985
4981 5494
9947 3537
9889 7547
1200 7422
3055 6971
3372 9560
8092 3285
608 7690
4046 7661
9320 9130
4976 4297
7042 7967
2132 9734
122 4163
9807 3192
1209 8702
2680 4781
9981 1351
3608 2545
9875 3751
7431 8703
9388 6200
7877 7950
7986 3991
30 3647
5176 6225
8283 9202
9115 9614
7032 8942
1257 7068
482 1116
6615 7719
7237 5650
6931 3590
8170 3360
341 1447
4776 2176
8769 5094
9347 4899
9037 8795
8529 5102
3127 3003
8966 9443
280 3555
1867 5740
8916 93
2446 5411
6578 2489
1758 2921
8574 8983
3542 4991
5156 9589
7920 5202
4148 7269
5416 5172
8284 2826
6290 8177
6439 5399
187 4858
9123 6328
3634 1878
9 1019
8031 1091
4737 6366
5782 7460
6297 1765
6938 6216
8131 5833
8102 6829
1865 9497
2821 3719
790 2044
1754 6060
9581 9549
7512 901
1991 9006
5903 7474
7521 2076
4326 6978
6063 9101
6684 5192
2722 6380
9509 3153
6692 6611
1022 7072
4381 742
7006 8242
8540 7037
5582 4772
7779 6063
7562 9175
7366 9039
9263 2948
6404 4475
3321 8996
9746 6466
7743 6280
1331 1755
5123 4026
730 877
6035 1670
1829 6761
4372 7398
2443 7885
6829 9660
1147 4847
3398 2980
8738 1173
7613 7105
3416 884
4690 317
1822 9778
4769 202
9618 1474
9186 1617
8884 2001
1674 271
3443 9460
9770 2453
874 5290
1367 4221
6188 3441
9787 9519
9165 4956
7717 2706
8195 1165
7789 6300
2765 7382
8713 4842
770 2926
8330 6099
4203 3304
6145 3062
4161 8791
2088 6195
7780 5223
7778 6679
4573 9279
8587 7604
7197 9794
2536 7869
8127 1240
4417 8992
6289 9081
2541 8272
586 5216
9472 7541
9620 11
1158 2733
5026 421
3577 8829
3571 2542
701 8532
3064 6818
2148 8801
8627 1347
6134 533
3592 3421
1595 4262
1775 6156
7414 4911
6470 7484
591 89
4944 1708
6139 272
8133 9783
2585 4531
5077 2515
4215 6163
6995 4735
2217 1296
8061 1743
5048 4827
3521 4002
408 775
6022 6740
9199 6839
9672 2898
2240 2133
5849 4652
2663 9094
6411 5621
363 1164
5263 294
4590 9686
1045 4922
7957 3786
8444 8209
7667 1935
1327 8785
5880 1760
6503 4828
8914 2685
3441 2724
2636 3009
6786 846
5891 4412
704 7846
7578 5131
7059 9036
5873 2614
7319 7033
8795 8478
5334 3206
7759 5035
7673 4740
6334 6360
2740 7393
7949 6101
7563 2482
5669 7766
2065 9850
2762 222
7226 3037
1299 4054
3175 7997
2750 8799
2574 1120
6981 3351
4915 2862
7452 7794
9673 7513
9522 5914
6140 722
3668 1818
3071 8441
7837 9322
8132 9008
4887 7280
5290 9296
6092 8033
9020 4043
5882 2851
3386 3750
4784 2616
6787 2594
9395 1734
1027 4289
4333 5899
6047 889
77 1188
9988 3241
9866 2572
1630 6046
9545 9506
2435 3231
9448 2528
5730 8342
4530 8071
6226 3255
7096 8264
9286 7305
7474 1987
5376 7264
7334 6417
378 8722
1488 5231
8362 4882
4303 9648
2681 4507
7646 4264
9834 3722
1446 4897
964 6248
8654 7360
8702 3789
2303 5339
2654 9593
3830 1212
5510 5204
281 6637
4300 4699
9874 9586
9362 2101
9651 4870
7664 3322
4007 4032
2940 3422
8546 6311
73 4383
9972 1218
4801 6666
8324 800
3159 7518
253 4556
9193 7097
2459 7551
5217 2024
5982 7720
9459 5706
8583 6104
328 5763
6947 1887
6078 2962
5428 4369
8158 3187
2228 9822
9081 7137
9428 5086
232 4881
4950 2118
1206 8232
2649 8515
396 450
4041 8559
7440 9650
1332 9065
4347 434
640 8807
5526 6861
2902 7644
8239 7618
8929 5395
1395 5248
8996 4941
3939 9856
738 8362
4379 5196
9000 361
1273 987
2387 5622
4430 8217
5752 2533
6271 6664
6065 6697
7224 3930
8682 6245
2442 6757
2216 4341
4290 2078
2720 2675
9938 9883
8316 1570
7008 995
5739 2160
8070 7874
1445 6294
8020 7180
8949 806
6647 7806
9402 760
7927 9880
2236 4581
6332 7161
61 1573
9280 2689
3934 4748
7165 4993
6622 443
4487 5372
5310 1070
6952 9929
5798 3570
5942 2177
5098 71
207 1913
348 6282
9700 1745
8522 7797
3108 1890
1825 721
864 6170
1968 8670
3954 6256
481 3331
5029 2019
8315 8312
4537 6052
807 8103
1566 4467
216 6085
8534 8660
8557 3465
469 1109
736 2340
4222 5752
2320 6080
6957 94
106 1600
4458 2558
1276 5661
9283 8466
5140 3374
9095 1857
1626 1302
7928 6726
2272 8076
3472 7295
9219 3601
1788 6326
4293 9831
3417 5274
2874 3437
7784 7466
2611 284
2361 7560
3947 4825
4836 8933
9715 7979
1576 3633
5085 1434
5066 1235
1053 6031
4195 7521
3323 6875
8741 3550
4979 967
5433 9232
5370 7859
6275 1214
311 4326
395 7275
2203 1201
5935 2458
9935 799
7170 888
7729 5710
6301 5542
7391 6927
9664 6427
6116 9246
7268 4290
6779 9048
9147 3882
9752 3079
272 7616
8420 1257
4421 9926
9378 1379
3512 1065
6012 60
9051 4777
745 885
614 8877
3100 3288
858 7177
8033 8540
140 8004
9468 223
2817 8872
8922 753
9521 4329
3673 5473
7342 4269
6972 5637
6511 7134
1928 2418
3547 2075
5355 1425
9247 4734
9009 7389
8183 7509
2211 3849
1745 7373
1177 675
5060 9156
5143 2406
171 9671
8065 356
5329 3652
4412 266
2728 1348
4964 455
4322 5691
5187 6961
3442 4695
8666 607
7442 9859
39 6455
238 3791
4058 7328
2349 7895
6019 9847
8361 8945
7030 9116
8372 7943
2483 7887
7160 3411
6043 6663
3215 1225
558 6572
2827 1378
5294 4393
5133 7379
4083 8920
883 4482
7333 472
4998 892
5073 3323
3703 8092
8160 8132
791 9630
9533 8546
7549 7214
4470 3551
9482 9080
1125 7816
3474 9382
6544 3014
8768 8580
247 2606
5219 8351
5178 8767
5954 1429
2509 3669
1794 260
6912 3638
7950 9301
9655 6974
7363 3862
7290 4236
8608 3535
7775 8823
2070 3734
5680 3419
8896 378
8274 2928
6316 4460
4723 5936
8716 9227
6117 4838
3071 8550
7183 3774
2402 4714
1579 1290
1249 934
8209 6884
6865 5053
2357 6658
86 8663
1450 689
6529 6027
5502 6780
757 5874
3368 749
7040 3594
9976 4908
1932 4118
7748 2623
3545 8537
9915 1550
8813 4860
5964 277
8480 5802
2440 639
7061 7363
5300 1259
2388 9622
6293 662
2444 1417
2851 7878
351 1471
593 7515
9005 8606
5412 8488
7891 897
2518 7970
4984 9595
8464 6877
5983 658
1250 8479
4656 2316
7651 6479
2277 323
193 283
8755 5866
9119 2144
1889 2619
9385 6635
8469 7439
6561 6406
215 476
9022 2412
8765 7028
9415 601
6553 9247
9465 9635
692 2759
5732 1817
4406 808
1704 3797
201 644
162 6671
9932 5599
6106 5738
69 4960
2791 2913
4239 1691
7243 6786
995 9677
2883 6351
4948 3428
4895 4636
5644 4177
5767 4582
1813 7601
4282 2897
8497 1187
5503 8657
5137 7282
5890 9186
2181 5328
9234 4401
3148 270
7288 3895
611 9925
2626 5140
3045 8389
9440 944
2924 8881
4765 8346
3801 5344
5464 5568
6338 5579
5874 9760
9496 8348
8982 9784
362 2840
4637 9213
8947 3181
4789 9937
5248 5660
2603 6428
6366 619
9942 652
388 7645
694 6419
3941 2149
3035 470
7054 1744
7368 3094
3056 4506
8985 1758
6717 189
8118 252
4865 5394
6132 2356
7337 2859
6948 4518
2405 6779
246 6190
9159 5720
8838 1589
5094 6898
1751 5354
3814 570
1098 4787
5117 6674
7816 7163
8379 4903
2815 8640
5443 1373
6015 5821
2352 940
3997 7027
9876 5566
634 5112
7641 6213
9855 4553
1773 6194
166 2670
6175 3336
152 4296
1140 5929
9958 6622
148 2290
9058 8099
7267 8422
5151 1876
3530 9503
5232 1402
3260 3171
2011 1410
2931 1984
2306 9289
1628 9637
540 2490
8731 5197
5405 6397
732 7113
7899 7492
623 7930
902 4304
8506 3710
2047 2440
4693 386
1897 705
8171 8919
983 4635
8761 2170
5145 5364
8384 4365
2343 7427
7711 6395
6218 1286
7508 3048
7159 5347
1629 9145
2877 9909
5019 3459
2167 4282
338 5253
9489 3893
1880 9697
2238 123
6192 9730
6358 2552
1418 2187
5112 4272
3265 2681
8001 5348
8159 6318
3481 4702
5963 1855
1586 7018
5916 4632
4361 1395
9794 7842
6669 3665
9605 4749
7842 1577
3264 2992
8350 1071
3966 7706
116 4999
6524 7924
9189 9192
5833 7947
4442 6122
800 8241
2853 6051
1338 7257
3984 5251
9389 7530
2653 948
8700 1509
824 2343
9765 731
393 6852
2733 9480
9035 407
5315 8695
451 8104
580 9745
4462 4208
3087 6126
6058 2401
5343 417
7210 2672
6849 9230
4572 1097
3190 1309
5114 4442
9118 1217
2651 2355
8851 1555
8860 6320
9444 55
2312 3483
7164 2165
1898 4132
6776 3947
3415 6115
8176 7941
1962 3443
9027 4053
570 8184
2519 3771
9131 3305
5065 5925
3652 3090
2989 6939
6733 1094
126 745
5506 8813
9308 8239
2964 4172
894 8883
7755 6089
5666 2022
1515 1253
2705 7731
5197 5982
1239 3314
7106 701
3394 2069
4118 6601
9628 230
1635 7986
4201 4233
7770 3450
5744 9223
2376 379
2253 8491
1031 1482
7941 7535
4340 3056
9680 1095
1944 5258
2916 1766
3999 4648
1855 8687
4512 999
4016 2995
6491 5613
8344 8093
6774 1061
8206 5927
5003 5898
8458 3920
1426 92
7887 500
6369 1785
5064 6204
2196 4982
7507 1820
4835 7885
9306 9803
1460 3804
8935 5317
4408 9956
79 6681
7841 2211
822 5559
6610 5298
8626 1346
2074 9397
3559 2597
2621 1050
5135 9789
684 6135
880 1882
5180 4274
722 7591
2004 542
3165 8635
7010 4092
5165 4595
235 6001
4146 3488
2107 5423
6531 3172
2569 961
1664 7764
8679 9887
3409 729
5885 5685
2419 181
65 9808
2848 1919
8035 1598
3886 6238
1942 1484
5371 787
8867 5907
8026 615
953 2213
1949 5620
142 7247
5780 5758
6128 7704
4533 793
1283 3578
4251 6517
4211 8400
6556 2003
7847 8708
3276 5575
2587 130
7753 8499
7467 7919
825 8800
2615 7937
8938 8822
7643 5502
2130 7751
9516 6286
4371 5257
5899 3292
2568 7669
2223 1119
4144 3656
7720 8193
2235 7308
8091 3145
723 3865
8389 771
7782 7520
6059 9026
6631 3889
2983 6028
360 9636
7786 2216
8476 8648
7846 6867
4382 8817
2428 5128
2201 4817
3146 9978
8737 5818
6696 5721
619 2342
669 7208
868 2201
4620 7063
151 1409
2247 2621
6834 6183
4426 2156
1151 546
846 8644
9133 3446
8498 4795
2495 3708
3653 4767
277 8168
563 3081
5307 6754
6452 9144
6614 9753
9360 8359
1380 1331
3154 7228
283 7356
3079 7817
9960 1269
6056 345
1159 6905
9861 6538
6463 26
9104 1791
3946 6529
3829 485
9838 1208
6734 7384
3174 6182
1732 1759
5306 3339
4328 4247
1710 8117
3741 3547
8926 8836
8808 5377
9506 5272
4008 426
8404 1510
6492 6680
1136 5155
8957 2085
968 4332
9190 3675
7117 9333
8261 4545
71 8023
1943 9100
7397 2185
254 2679
5293 5972
1533 5694
2787 9105
4173 3506
7409 3246
3677 7944
4236 4791
746 9515
6828 4568
4860 7646
1478 7076
9573 6625
1528 6480
3770 7712
9587 2530
3935 5124
5247 2425
5702 5123
3362 5014
9568 497
7445 2386
4351 169
5649 678
7501 3644
8144 2130
45 958
4911 4919
9063 954
6285 8825
2643 66
9386 6696
3463 8997
9288 275
1138 214
4847 4940
8971 9763
6424 1401
3785 327
3767 2937
6381 2416
5705 2047
502 2139
2526 9193
9326 4439
4036 5965
6933 1213
5967 9991
8956 5219
2806 159
9753 5500
3727 5551
3964 554
4188 534
2620 7529
6219 8279
2424 6892
3336 5604
3493 947
3917 7537
2339 1314
5852 3815
9503 6804
7698 432
2380 3366
3784 7851
9271 4948
9103 1956
6195 3035
5256 4278
1639 4835
4722 7256
609 6324
6239 400
649 9520
7330 2986
6946 3831
5684 8063
48 7375
7331 2838
1559 3588
2330 5269
6028 2809
7951 7890
295 4690
5350 5506
4237 9961
286 3969
6523 4604
8413 9173
2549 8668
8533 337
3961 9297
5195 9837
2715 4122
938 1833
5012 6383
438 2125
6095 4259
9142 5456
8163 1944
1875 3232
3711 1226
1355 2842
7131 331
1611 1580
3255 8595
315 845
4627 7502
4111 2599
1600 8866
1915 565
9480 7355
52 9967
2710 2987
7372 501
133 4405
1091 4335
9152 8155
8428 9209
7317 5871
8925 8874
6868 8789
9156 6270
8770 245
9381 623
6996 1106
2730 9801
8748 7414
6738 3047
6867 6304
2884 4517
9548 2612
7940 7425
1713 2079
2447 9148
8308 2353
9431 9704
5196 9846
3962 8652
3399 2411
752 9510
3312 5957
8178 3429
3557 9457
4987 8998
2584 1675
8386 704
3236 3057
8874 9890
8437 7119
4362 8147
7534 5292
6961 7372
2036 8934
6450 3810
3423 1114
7590 9699
11 2809
6702 1148
5308 4808
4171 4634
8117 7243
1900 9815
7625 1669
578 5340
2619 618
3217 7899
3021 4939
8363 2715
1560 9542
3491 244
5430 5985
3837 6751
9404 8878
6004 9179
9441 3418
7970 3311
5266 9061
1777 642
9332 6120
5392 6310
9768 7147
2583 6228
6496 161
8532 3624
4589 589
7432 8128
9032 6844
9790 1718
9161 1397
9598 4198
1709 7500
5234 3952
6373 8533
4509 5017
1453 2604
9905 1638
5973 7884
2697 1951
8104 2941
3658 3170
5641 7274
8208 2326
8412 4201
8244 4686
3052 1711
3366 6007
1258 122
794 9329
1122 6313
5410 7337
2590 3270
3074 7765
7367 8891
7693 858
6172 8274
7632 7009
7352 3972
1333 1298
9414 9955
776 9302
5170 7241
9520 120
8870 3395
8994 3225
3864 8191
8963 170
7028 8278
575 303
9986 9472
44 3352
6021 8665
3470 4345
2113 8653
1911 9947
5018 2823
124 6448
5312 8647
2586 4640
2159 4062
183 564
7018 3998
1721 3988
5610 9655
2937 5521
6280 1189
7551 9983
1092 9965
8778 6143
3874 98
4176 3688
7727 1154
8081 9016
4817 9930
2965 837
2538 2415
2093 9268
6352 7266
1291 9868
3070 6083
3888 8027
7415 8410
1774 7956
4341 2223
5726 1746
3017 9049
310 7533
6298 1285
7878 9167
1230 4603
9177 8365
7476 6668
5425 5723
9529 7787
7099 5633
935 7407
7974 6858
4929 4537
6848 3520
8433 9554
8014 8578
9952 6577
4066 5699
9917 350
4465 3031
8932 5785
1715 5782
4317 2261
8036 7016
325 9485
8055 1388
2042 5682
6347 3956
3838 7002
22 8277
3777 5924
8210 1644
8859 4771
2028 5562
872 2653
7416 7406
6858 8107
9847 6341
6029 5948
2696 1753
7171 4344
914 4403
8193 5165
4310 9354
5546 9543
5280 3980
7840 4070
475 2963
4809 6012
8302 5291
6552 1018
1975 8501
5149 1896
6637 599
9809 4020
2758 3217
9733 2587
8732 2207
7531 3034
4304 9654
5687 7975
6356 8476
1003 6541
7455 5779
5639 150
4707 6325
1055 4907
7541 2792
8885 8723
2540 5203
6793 6564
4280 1110
579 7446
4479 2559
8940 8018
5514 3702
4548 6574
3779 4979
4546 9933
3996 9132
7582 909
8222 9844
4268 7773
4562 6305
876 8557
1940 809
1435 4629
2166 4567
1190 3263
7751 4436
8849 6103
7979 4277
3484 2302
9330 3720
1385 6934
7005 4503
2133 851
8757 5026
8250 9228
3180 4197
252 9155
2751 6109
9934 2832
5504 1294
1893 7741
7824 1500
3738 7837
7835 2696
4113 311
1340 2414
7864 3864
4207 9003
2476 9527
2947 7790
1358 1453
333 7540
7050 4565
1672 2010
6104 5227
4224 7889
8717 3593
9553 1130
2580 6747
9591 3485
5459 1688
51 6759
5810 815
516 4114
2487 7695
2054 3229
9892 1975
3184 8974
4389 6307
8015 2465
9525 7121
7838 7839
7102 5369
1016 6185
677 4725
9120 48
2018 4418
8950 3962
8694 3394
381 424
4559 741
7002 7574
8220 7596
121 2054
5869 8
4668 1357
8696 6456
4456 2573
8697 6439
5311 7432
7121 2450
8265 875
4478 9871
2362 4292
5718 1545
556 8518
9455 164
4336 9610
143 3469
7309 69
4104 6513
5325 1930
6144 5571
4199 3195
5257 1597
488 1673
1695 3577
6371 5476
7611 5834
1646 7923
6177 3086
397 7992
8803 5963
7647 6724
7057 2669
6971 6690
5533 9711
5952 1198
8955 4493
8485 4033
1295 8672
5220 3883
9583 3224
6 2909
8754 2829
4200 3380
10 5191
2020 3307
9158 6504
1887 498
1582 1526
1001 6942
4645 9360
9363 3684
6002 9337
1363 3271
1840 3658
8857 3405
6708 6998
2494 1149
1305 3254
2103 8419
103 6530
9307 3133
664 6715
1555 2868
5205 9790
1569 5384
8967 8964
6379 1268
6736 111
401 2811
8439 59
5146 3347
3436 307
4699 9411
2313 6237
2991 717
53 5623
1870 9168
94 9010
8728 6193
1743 6045
416 251
288 8646
8678 4160
5035 1394
9356 8604
8952 5319
7537 1129
5846 7438
983 9369
3904 9973
5182 5615
9351 1174
8771 8976
6268 2043
4552 4476
3182 5188
6055 4214
5723 2318
4803 8744
8649 8455
841 923
3103 2579
2397 6372
3657 8593
6478 7625
9202 8742
8335 3087
750 9886
9682 6217
4414 9272
7833 9747
3816 7678
710 383
3759 7229
7301 352
5179 6528
884 2259
8648 9030
5253 3723
5805 5845
5466 51
751 4350
7039 641
7946 6725
344 9577
266 8101
808 2265
7579 8414
8613 3727
5790 7289
4873 2181
5507 3491
8882 8383
8405 9159
6278 2050
8888 8344
1393 2408
9775 655
9013 5349
5082 4414
8076 5081
1062 7083
444 3905
8657 5283
743 9229
1469 4696
6406 9007
7598 1121
2632 8458
355 8840
180 3365
8789 45
1839 6587
7854 1618
7943 5088
7914 6241
2831 3445
5102 3798
4849 7487
9328 3839
2859 3640
5691 2295
5420 398
1373 8220
7044 7964
5701 6301
492 7795
1403 2403
1270 7322
7558 2899
828 6035
156 5938
4828 8257
6477 1518
5561 8319
4486 5031
4598 2230
9998 4284
3135 9171
7516 5798
6600 2358
428 4612
1131 420
4990 6128
2493 4385
9207 8295
3921 9078
9534 9980
2811 6142
5812 9632
7660 3155
2923 4035
7961 7682
1100 7281
5769 7091
5460 1472
6517 1146
1899 477
240 7729
8517 2618
8844 6132
530 6723
316 865
7214 2027
9163 584
8432 9746
6773 8967
2945 2281
4463 5139
2737 3138
2097 3978
9507 8560
7910 5338
2997 4126
5418 3083
8930 7570
5080 7054
5747 6745
1089 1465
3316 7087
2640 3626
4971 7485
3630 7326
1924 1860
5570 9521
8790 1392
3288 4589
9399 5659
537 3025
9848 8445
2910 3713
811 8661
9340 1541
1030 445
9486 2115
941 3525
9239 3558
7933 4130
2396 1052
1171 7918
9039 4094
4795 5461
1817 3830
4294 6746
8314 6209
3220 3415
2149 2714
5594 8626
4249 5047
4029 7334
5158 1736
3877 6180
7656 5839
3496 5159
3719 5970
9738 2285
6378 1010
733 8336
7907 6973
2778 3146
9497 4812
2298 6881
4475 3841
9454 1567
5787 2647
9754 9203
98 3295
1662 5678
4468 5091
829 5438
7265 1183
242 3329
6061 8058
8873 6153
2775 7697
2984 6155
9451 1280
4544 9185
7497 2135
4365 1782
1080 588
4791 9603
6687 1274
1614 2765
8660 5390
9671 6066
3806 6955
9677 8808
1539 5525
8571 8439
8474 4742
5413 1909
5530 7167
4661 2610
3573 677
3102 7909
2575 7998
2995 484
1610 5156
4247 6734
2226 3651
4166 4355
5057 1138
7832 5842
7060 5474
9781 3193
8560 9802
9862 3981
7855 8735
9325 116
2600 2863
3009 2950
5414 8318
2122 1939
2316 9277
6302 9960
2963 5810
4409 6111
1153 6469
5431 943
7568 7139
6466 3274
7544 8429
6762 8072
907 1690
5400 7152
9140 192
4659 1936
6843 7263
2783 8847
925 8969
4610 5762
8358 5697
3333 5885
2975 4055
1859 1496
6935 9323
3578 9834
633 7093
4876 4508
9625 974
1133 4270
167 1433
2926 7201
1432 7331
31 1911
7818 8666
8735 8514
1284 9138
4159 3726
8799 5878
4136 1707
6431 9088
2418 8464
59 964
8846 6691
7453 6058
1180 1375
5878 612
7413 9609
4856 9000
6237 8496
4298 2377
9957 8724
2955 306
788 4260
7867 6250
1462 6323
4521 509
4766 3562
410 5066
1370 7031
7565 798
5207 8127
4962 412
8041 6803
5456 4830
4695 3587
6837 9724
5989 7056
2485 8293
291 739
9508 2959
1444 7906
440 823
364 6308
8496 541
8422 3167
8072 3912
423 1077
2521 7725
3523 3012
2131 2924
4968 2706
5623 622
9825 7007
8471 8401
8447 474
1833 7462
6791 8201
7152 9137
9708 267
7685 592
7021 8465
36 4857
7055 9216
8710 1016
5759 1020
9593 2134
3818 9127
3063 4476
3723 7128
7281 3403
4138 9053
5578 2874
2344 265
4647 1558
2784 7212
3943 21
9709 7011
4764 4429
3995 3297
2336 8316
3468 1204
1223 3464
7912 685
7903 9482
7769 6042
8034 5920
2961 216
3552 3214
8774 2287
2294 1856
9589 4661
8531 3215
9888 9673
9631 5497
1069 1874
4669 2791
1097 6821
6992 1141
572 5980
9047 4321
1697 3451
8078 1007
513 816
5648 1869
7251 5488
573 9658
5044 919
4184 9631
6748 1127
1984 4085
1505 4497
8538 2371
6199 52
2676 1315
6570 734
7098 9509
9137 2334
7555 7668
8594 4902
9350 2241
6769 2537
4143 9489
5877 2506
8083 4864
5584 894
4345 7193
8890 1439
2678 2210
3046 1364
4070 7702
3756 1256
6903 8764
2433 9189
8139 9692
1766 7130
5105 4124
7724 5460
4797 2323
4837 5672
3462 9829
1024 8778
8917 8602
4565 8248
840 4225
4908 7808
2242 5922
1275 3412
3181 4918
4777 1282
2763 9170
2384 3541
4027 6508
8103 1682
7653 4958
9098 2860
2977 4135
7439 3796
4505 9712
708 8936
5218 9791
1492 6388
5872 2914
9011 7673
4824 6714
576 7835
3109 5505
8047 8198
8751 9019
2399 2936
3235 3663
3992 3425
8767 8031
8090 5880
4098 8638
8309 9342
3967 1076
5757 9285
398 2229
2076 4268
265 5295
913 3036
5527 7341
7645 298
1208 6069
528 3747
3249 9706
5292 2169
7088 2673
6704 5701
4208 3552
3990 3334
1417 4877
3404 2252
1878 8802
6072 1725
2682 1993
6326 1049
6384 1391
2224 4081
2967 1740
3618 7353
3028 2080
2051 5867
4270 456
6376 9512
7487 9700
2582 4389
8809 9157
2069 4541
9696 2789
9776 5335
6501 9916
8535 928
5337 2270
9644 2752
9458 515
7620 5041
4069 3661
4170 9590
4047 8598
3714 803
712 9838
969 8254
5665 9475
9851 2475
8864 1964
2951 1683
4139 4102
4441 694
391 5904
2639 1785
5161 7042
8115 1778
9608 7959
7705 908
2721 3185
5968 3110
2533 6799
4253 7972
2849 6086
3460 4574
5007 7563
5449 4866
3296 8651
2846 3030
7763 8268
7909 5445
7395 2516
2960 1671
4440 1288
4167 9876
5907 9034
3161 2709
4137 563
1703 1480
1548 3760
81 7640
2652 7317
75 6521
5509 6364
6380 70
9223 8841
7255 6161
2855 1176
6025 3850
6795 4706
9180 545
7279 9555
2852 2413
7923 4819
1232 4737
9858 6167
8354 9332
8822 7404
6486 7082
258 2004
2249 6644
4842 285
4558 6462
7801 6633
7175 9812
6609 1903
3419 904
1204 268
2311 6006
1953 2306
912 8484
4973 5573
5565 2063
8961 2588
1479 2918
8730 4245
6493 1578
3920 1716
4457 4156
5575 1305
400 141
1106 6612
1121 197
6345 7796
7047 8035
6395 7896
2524 413
8057 5724
6405 9546
8488 1647
9126 1954
3591 2203
7679 9226
892 2732
3595 621
625 3077
5630 7709
5471 3221
6388 8689
6460 1915
7924 1343
5776 2157
1102 9738
8630 859
5754 6062
977 1111
169 2998
9215 6871
3357 7402
1130 5462
7393 5960
7845 1920
8720 1504
4152 7683
2650 7877
6136 7498
2928 2855
7543 7949
6846 5440
1415 9275
5837 5719
8724 7036
6432 4731
987 3773
8843 7045
918 2173
4378 9613
654 6447
7702 6334
5688 4794
9266 3866
9731 410
1823 2539
3880 681
7820 7443
2077 5301
6124 8910
6673 1432
208 80
9041 3264
8567 6091
8371 1776
5692 3650
4578 2282
4555 8551
7122 6152
1046 6907
3389 7127
8066 4743
2624 305
3281 733
7144 2448
6233 5398
4748 3586
5474 8339
1736 6935
7911 1476
8645 8907
4703 1456
5238 5240
9251 510
7661 4547
74 9194
2436 5426
3105 468
8431 1560
480 199
6586 3973
6537 3743
1256 8943
781 9463
2903 8412
2555 9857
1486 7655
2939 7403
4702 4176
278 2237
189 7611
8157 6862
5243 3532
3676 9987
6032 9931
5971 3521
8970 1949
9444 5536
6926 258
8211 4806
6123 7807
6471 7271
6613 6191
131 6181
5808 7606
6875 2095
9555 962
9198 279
8267 3109
3923 6171
6200 6966
8341 5827
5781 5714
4553 7102
7954 5193
9852 8211
1863 8506
2422 3435
8550 1579
1682 6359
1632 4137
9353 2710
7097 9414
915 492
1440 8129
7216 2478
9713 1150
569 186
4081 1927
7129 9832
944 7649
8119 2061
241 5410
8793 7966
3773 3869
6161 8430
2347 8313
6620 6866
3367 5711
7426 1009
6648 5277
6010 9899
7719 2067
4916 8699
4906 2330
1416 8745
2499 8952
3585 9335
5646 9326
4937 6842
6665 8816
792 2385
8918 4200
7567 9545
3771 4387
5920 6095
8013 7454
8366 8627
9751 1437
6826 3612
9473 8762
7320 4228
8216 87
5876 5129
4886 2352
1070 8320
3239 6825
4175 5641
3019 495
8931 2869
4752 291
5867 1510
508 217
2684 6692
3112 5793
7615 6650
4240 276
2929 7197
7504 4433
9802 2857
9962 5647
4056 9260
905 9941
4514 3563
5517 7352
4040 4440
2423 4229
3555 8145
8213 4543
6805 6489
5399 3858
4346 5984
1504 8759
7610 2464
9109 8154
1362 2009
2828 5382
8459 4756
881 3561
2046 7658
4625 1893
318 6131
3762 8843
7068 8238
1604 6112
3466 907
1175 7276
5551 4600
1482 1260
1564 9215
8855 4184
2123 9984
1746 874
2736 2455
436 6291
1412 9797
2218 9900
878 6831
2507 1795
3036 4343
7190 2595
5557 8763
3690 606
3244 3249
1888 5675
2638 9685
3627 1897
4688 2563
5953 3020
5996 8057
3642 4712
2668 9123
4624 5548
2457 4445
8764 6457
661 5543
1572 23
7715 6312
6563 4836
2537 9597
9097 9183
2895 7284
1233 5114
414 8048
2060 6317
1624 9012
8390 4953
9966 4203
8484 2023
6910 5125
112 4802
526 1613
7542 2944
2001 613
5948 2969
7454 8649
1530 9762
8690 2062
2250 6449
6300 8733
5423 5256
7726 6963
1437 5211
9128 4810
2992 5200
4076 3482
3538 4752
9160 9627
7553 9086
3882 5079
4793 2461
6816 5584
1087 6461
445 6698
9517 5470
6819 1508
4606 8028
8228 6229
7904 7040
5686 547
4579 7850
1770 8738
4796 7735
4556 8909
9044 6074
6765 7227
933 6005
5704 4239
4438 367
5569 6647
5365 7383
4677 8889
2374 4327
9911 3106
3479 9798
9882 3101
1116 7932
1245 5722
5188 4235
9201 7272
1921 8161
1518 6098
4358 6015
7635 829
8007 5175
3787 2442
959 6350
6674 6276
5650 240
6889 1803
2614 6882
6572 9085
4019 1788
3459 1459
9961 6047
3890 8999
8151 4609
8399 7330
6386 3853
1304 5870
5396 8297
2351 208
6554 4112
202 2005
7 8545
3450 7538
4360 4619
7411 2102
3803 4671
6088 7586
3262 959
9321 68
3313 656
4323 1651
2208 6631
1043 5812
9261 3385
9284 8747
2592 5707
5868 8302
2591 8082
3238 293
6262 1265
7194 4087
2631 5718
9434 7100
6142 9032
1217 5271
5583 2560
4267 6943
5157 7763
2219 9452
9470 886
4092 1595
8739 4140
8248 7340
5111 7549
7139 7408
6850 524
6871 2331
5047 8046
4541 3923
6908 9439
3505 2267
5793 2960
5299 1709
4085 9487
9511 9441
4142 1355
7405 5179
3184 5032
1765 154
7636 2779
5260 4310
3689 7647
8634 7324
390 8206
1457 5565
9763 2126
8427 6303
2023 2517
3860 3730
4219 9096
7906 2052
4049 8192
8186 7240
2431 3533
3540 860
2695 4012
2777 1636
3172 7707
3649 3122
1375 3061
2539 3816
3511 9992
6937 2609
9074 4241
8098 7219
4877 1963
2976 2751
5144 2476
4706 3247
9077 105
3034 8310
458 1937
3452 4471
510 2947
4991 7296
9179 7544
8340 9524
2220 9432
5037 6175
3910 1318
8501 9551
8798 2923
6098 4914
7383 1554
4097 7819
6667 9643
6804 8337
260 1981
6322 4895
3914 3524
7086 4173
5384 6724
5993 1982
3517 3278
3509 5132
4415 1547
8936 2225
1017 2834
7066 4879
728 2038
8237 3080
2872 8873
7668 5974
1150 6097
754 315
2377 4146
5976 2359
8243 310
1724 3238
9657 8298
9492 9128
8063 63
7225 6174
8877 5029
7815 175
149 1306
2608 1846
2045 726
3317 2417
8786 9295
4692 6127
2501 9770
7179 9240
5865 3648
5540 9204
6006 1720
8499 3353
3304 2996
8440 4646
657 795
711 2391
809 8421
3637 3876
3544 4019
9859 4816
3025 1046
8889 4058
2333 9618
9495 9125
2746 1333
5943 4623
6944 6994
9849 2066
2145 5883
3978 7297
6229 3859
2671 5421
4178 263
1307 6240
3720 1972
8270 8357
6342 5737
1242 3151
6461 9481
9182 8750
5832 142
1931 7761
7977 1075
4357 6302
4157 1566
5481 235
6526 667
4851 2320
2556 5250
6922 9958
4728 6044
160 4509
3998 6618
9679 911
1993 3341
7973 9626
4531 7316
5452 5479
2688 3907
5319 6883
7587 7327
5627 7969
2794 8424
8200 9395
4180 3553
6796 635
312 6716
4437 5332
7069 8968
3291 2813
9490 968
7757 4721
9479 575
9690 5371
9837 4898
9155 5406
9871 512
4296 5288
3956 430
2557 6133
958 9363
7167 7458
1994 1571
425 8577
9853 2428
9808 1831
5024 5501
6314 7062
551 6730
6318 9488
4401 8576
4676 1587
8824 6952
460 61
7092 3589
6105 9423
6807 2764
6204 3994
3666 6787
6973 5337
9390 7693
7256 346
6037 8456
548 7727
1508 3456
6699 4276
4121 8853
1292 1055
7509 5545
1475 8516
5287 4495
3549 836
4052 6331
7671 7461
4349 1032
6227 9816
6221 7169
9149 5811
3870 9110
8448 8879
3353 3434
8610 5911
1881 8345
2314 9764
6312 8503
4400 4572
4570 3534
5606 246
3669 7181
5685 4571
9105 1144
4735 1004
4995 2375
4342 7542
5756 4171
8077 5611
3645 6928
8723 4127
7557 1460
1495 3470
5725 9244
3173 6721
6052 2443
3853 9498
9406 2755
2876 56
9304 3413
1584 8820
911 2106
662 29
6929 6196
9361 7459
2278 8510
7202 5050
848 7772
3140 9604
5529 6879
6608 4887
9603 183
9084 8851
9203 2268
7494 460
236 2641
6385 7279
4230 2525
8863 7
9258 8162
4227 7788
8948 1422
6958 1807
1563 8870
2363 8760
4891 7545
1489 5917
2263 3769
7608 8787
9210 8566
5084 3240
8219 3131
6825 9659
8577 3356
7839 9448
1705 792
4394 4969
4356 9434
9087 8654
1760 5508
8430 1461
9075 8079
5580 6029
4320 2056
6387 6205
8934 2598
4181 6375
6817 1080
1451 5561
1115 5385
6111 933
7459 7351
1514 8395
7687 559
8364 1957
8365 503
1315 1663
8520 5602
5222 982
7325 9325
4977 2374
56 4424
2665 5856
7355 1867
6190 7198
547 8810
4265 5863
1543 650
9366 33
631 1922
2802 4975
6568 5768
334 9550
833 1062
6325 1724
7721 8183
4881 8526
9873 9343
2202 4317
1538 8204
9154 8325
798 7617
6962 6711
7728 6533
4266 6685
2108 4639
8508 1224
9217 4322
8054 9392
9274 4149
377 1192
4059 3821
8423 6416
8280 5581
8753 5616
9939 6830
6205 5020
7649 7531
9216 1641
8698 9736
6742 374
2434 1428
8311 780
6691 5118
9352 628
8479 9819
3164 699
2971 9446
4443 1163
9633 4291
9803 3265
4644 1205
4534 7245
3588 8632
5634 7026
1625 5237
8003 3472
4109 2186
6558 6923
2772 9922
9463 9670
8465 3512
7323 171
7978 7135
2030 5147
8611 8797
4301 9541
8468 8040
6481 8916
910 9073
394 1191
6569 3239
4135 6522
1730 7748
5647 8980
568 2362
9501 8053
3268 7548
8172 2518
8842 8831
7244 76
4713 9118
8953 1250
3782 6930
8553 9777
1799 4059
936 4703
9579 2436
5662 3367
3769 4428
6505 8861
5387 9843
7760 8766
3994 9642
7094 1810
6066 4963
1850 3350
9305 3039
8105 2674
5848 925
1554 6720
1424 2255
3748 7861
3214 5359
659 9139
9697 8255
6565 965
5235 6348
4223 1687
2358 4510
3796 7125
5550 6662
795 221
7128 9905
4336 2028
9707 7599
5628 9979
8194 9810
8898 848
3253 6231
8114 7455
7313 3276
1882 7053
2936 3230
6348 5105
4604 9429
9977 304
8856 8304
2998 9308
9993 504
9989 7745
5447 5824
5479 6657
859 67
544 6547
5807 6144
4427 9067
4601 7390
47 4921
8109 8453
9272 5817
5067 1947
4675 931
7365 6177
7496 466
6652 2814
5788 9221
3835 540
6331 3666
5841 7339
6928 1905
9016 6329
3134 5255
4710 5100
2563 6744
9814 7418
4094 8732
8079 5614
5486 4306
4153 3370
3532 2116
3284 942
9638 3698
5558 5961
3129 3266
1324 7080
7944 786
138 9750
4649 1117
4893 8294
1641 6068
6017 5729
8217 3888
3251 3438
4515 8713
9409 154
2486 7892
1535 679
2520 463
6236 5784
211 3600
5086 748
8087 8121
740 9083
2578 8567
5589 1499
8876 2048
4210 373
8347 3487
2818 2242
6966 5367
3940 5526
8650 6869
3558 7013
218 7901
4561 4761
1884 9264
4311 8187
5637 3706
9687 5585
5753 6551
2513 624
8617 2933
7045 8338
9777 9169
4846 3085
2174 4709
8980 9535
5426 3977
209 2687
4785 3213
7310 9469
8142 8437
5125 1602
3120 1750
182 425
4928 5285
7031 4285
2835 3178
2283 9082
2829 8190
1237 6218
1162 5313
4667 9152
2506 3643
7539 7367
4022 4449
4975 4446
3680 6490
415 9386
8680 4186
136 4869
1172 2158
8134 9917
7548 3100
172 1929
7041 6802
3189 2844
5448 4811
7807 8025
456 7302
4439 8500
7282 5946
9903 461
3736 751
2477 4680
6528 873
5751 4624
7900 9191
6446 8978
5564 3845
2970 2846
3138 1858
3385 1140
3989 7636
4397 6478
3726 2271
3325 6981
5398 1605
7339 8876
9143 7954
797 6768
2953 8696
3862 8260
8513 5096
7488 6516
343 8669
5559 5084
7618 7411
7236 4644
6023 1469
5608 8592
2498 849
2814 2678
6260 8142
3269 3714
7601 5792
9240 625
9745 3857
4943 8165
439 834
7895 448
7138 7864
9675 3880
2594 7670
3695 8679
1693 3598
3580 2774
9786 2337
8075 4790
9432 6210
6809 7374
1346 2720
1033 617
5313 6608
6994 1995
6423 5109
8453 1382
5363 8124
4004 7968
4941 8982
3086 4468
9232 3179
926 2577
1631 7060
6538 9943
9812 1645
324 8452
7473 1997
2324 6284
4955 5221
8088 9286
3412 6604
9398 2380
3983 78
2268 899
101 2275
8333 3581
2429 7426
2629 7752
4402 436
196 3142
3785 3564
17 8334
1575 7575
80 1852
8500 8436
5803 8269
928 8185
9805 9624
6465 4431
3435 1340
6623 609
6670 264
251 976
3431 5388
7955 9530
5910 7294
448 9557
6960 8169
4807 5712
3640 8402
2305 5397
5695 3382
9881 7115
5826 2397
1108 2767
225 9713
3047 9927
5369 3502
8288 1633
18 2954
965 5446
8958 3672
2755 4175
6438 1516
8719 3766
8463 698
7713 3407
9964 2430
276 2291
5215 1380
249 7436
5571 5977
7211 2364
4226 8207
4037 1167
4407 9385
3013 2557
1573 1090
5351 4955
2735 6361
6770 7409
2353 205
4089 5702
9726 3147
386 4318
6186 9287
4399 2677
2165 3724
2891 1478
4013 6527
834 2873
1238 8280
4607 1576
5317 2083
1185 6543
9732 4417
3506 5122
6121 4382
85 6515
284 594
5653 7232
1811 9997
6676 8285
6722 9359
5913 7047
946 5971
9410 8461
8848 5195
8203 2730
3010 3732
1494 1068
7989 7251
5408 9044
2158 1931
7596 9376
1314 8471
8233 8089
2334 1978
8656 9391
9532 2388
7079 5556
6942 4030
9134 5813
7083 7347
541 1569
5301 7310
4612 3063
7254 299
2560 3833
8385 7543
8377 9408
3130 1293
7669 5852
9449 6022
501 4179
607 2484
3467 4309
8913 4183
4017 6999
2083 4536
2500 5222
8653 4409
5160 5504
7967 6731
2869 7508
3797 6820
7527 7681
4666 3065
6887 5279
7655 9046
700 7494
3836 5111
8647 6823
1328 1468
9041 4014
406 4315
6579 4154
2666 6925
7341 9292
2865 4195
7681 3500
5995 3950
8796 7293
8915 8158
7680 1177
8046 2693
173 3945
3048 8385
5497 3670
9419 4552
1428 7619
7482 4910
5153 1719
7879 817
9743 6553
4484 5138
1714 5357
7486 6967
2267 1011
921 1606
1165 232
9839 1038
8804 6389
4213 9788
5974 7206
3977 2140
4757 7708
4485 3549
8393 5572
777 8717
713 8728
9108 3987
1507 6599
4197 5790
5051 3166
9601 9490
7263 9709
2708 3748
3429 9740
4433 8921
8095 6909
2930 4153
906 9656
9666 4521
7463 7457
986 1498
6014 6606
1551 335
4330 1624
7843 9072
2779 2086
7922 2802
6046 5945
5279 2977
3407 7250
55 8574
5760 3105
7095 3045
7173 7300
1312 8552
7771 3002
3569 6960
3534 6548
3975 6816
5553 2932
2086 4380
683 6661
4653 7287
4959 5143
7223 4486
2759 3453
7654 785
2562 3942
7392 1865
6764 1263
8319 9841
5629 8908
3495 6502
27 3927
5303 6337
8291 3346
7602 4046
3158 338
756 8521
6530 1362
7249 820
1895 6544
1262 2502
6180 2854
8300 7299
8097 5467
2417 8949
3991 9394
6690 2801
7915 1381
8438 7380
8763 1813
3554 805
9067 6319
337 630
930 3545
8643 5483
8821 7449
6683 4479
6642 4762
3310 2543
7519 2901
8231 6929
4126 3233
9913 4542
8336 7830
786 2235
5023 4006
6191 7671
1423 7000
9007 8656
5957 1096
9344 3926
2456 5006
184 6778
6949 4938
7048 8009
9069 7234
893 3066
1341 8637
5439 1537
8908 4818
5174 738
8801 1035
3500 198
9941 5653
2373 2668
7168 9583
2837 2294
3648 1965
6959 3523
6644 9224
4892 332
6211 5528
4701 9050
4640 5755
402 7085
7883 1525
5857 7785
7407 7818
5192 6445
7120 7160
9566 4119
6099 3834
4719 9069
3328 3160
2114 9861
8395 3522
8306 9694
1313 5334
7709 3932
9172 8301
2655 7025
9537 5064
1956 1565
7024 9513
6686 3752
5615 3379
6638 5966
7136 1847
8699 3199
2057 4894
2482 6997
4982 3111
7513 9951
5402 972
1963 1877
8814 1967
4551 4354
5147 2760
1913 4564
3224 9867
1901 3637
9293 3212
3908 5639
9471 8397
9774 4665
1650 54
4845 6894
8744 2199
262 3790
2838 79
5745 1805
7609 9576
2188 6772
2915 2497
678 1022
6232 2750
5041 4325
2701 8856
6789 4750
680 7674
8205 6184
9735 1880
3687 1907
3364 9401
244 27
3147 9140
3823 9662
2942 9458
7420 7870
6274 4679
8435 2513
6814 5436
951 8811
9994 1619
9487 5843
6510 8024
6467 5409
1277 6371
1927 2608
6899 730
7569 804
5030 7452
6964 6454
869 2303
3038 3397
814 288
7935 4100
7499 6403
7723 2549
8043 1443
4799 8667
1438 5844
5190 4853
4099 7313
955 1467
8862 390
1776 2224
5721 2895
118 8470
9125 8080
5700 6239
2969 2400
6336 4580
3359 7437
7627 2712
2566 6172
4189 5008
970 5424
1296 866
5536 8139
9452 4949
2354 9421
5091 5
5522 6769
9740 7534
6086 9413
5682 2462
9053 3433
6808 6739
3241 4943
9821 8544
5302 4561
6755 7395
1556 7946
6597 8408
6382 7400
3194 9769
3746 5992
4981 3826
7402 4010
7270 3058
3792 4711
387 881
5883 2902
7712 3467
7560 4038
2752 8958
9379 8000
4095 4730
3747 9316
2830 5067
404 4909
3433 2387
6430 3006
8883 766
8561 7804
3884 3108
3348 2912
2068 4527
3510 6924
4951 9471
7359 8143
2254 1875
8667 153
9246 8880
5391 7812
6016 6254
8419 927
9226 6796
3805 6709
269 4091
9801 8065
1164 7583
779 2726
1152 8017
2281 4592
8521 863
3337 5151
1378 5495
3206 6991
8563 1042
4550 2735
5275 7270
1716 2867
8762 2929
909 188
9349 6593
1841 8045
2421 5238
4274 6876
4949 5106
2015 7642
6963 7283
8190 4423
6053 3924
6818 4267
9955 1933
3660 7423
3037 7309
4744 2457
9292 2971
5779 8450
1054 6878
6559 6602
346 1784
2857 2570
1687 5160
3292 9115
2403 9872
4638 9548
4866 3615
6527 3044
9331 7630
687 7665
5652 5042
7326 2341
2043 7598
3809 3055
8297 2249
8457 1350
5699 960
4875 3683
6525 34
6749 1485
1335 3203
675 2516
7823 732
7947 4846
4180 4688
4474 1854
673 6616
8455 4034
4283 3842
3465 9507
5804 4513
1104 8343
4359 4700
1075 3793
3041 4357
5300 6138
4162 8693
3191 8925
9374 2018
1523 6148
7597 7144
8069 278
1298 9113
141 8070
5622 4496
8543 2205
8472 2032
146 6322
3708 5278
6215 6460
2410 7410
5997 7717
2007 8673
5512 7388
5362 1320
1189 9435
6339 9612
7428 878
7518 5127
339 289
897 1082
5075 4363
816 3559
6811 7757
9686 9920
6151 1751
8579 6471
8853 160
3970 4379
273 2087
646 1849
3454 7217
9571 2161
9645 6640
5893 4890
3662 4029
4450 4397
9302 5964
2198 2753
3705 6347
1090 4470
3448 8047
6557 8625
6303 2071
279 4252
2425 8748
2154 8012
3706 5246
3845 382
9783 8522
2323 7189
3378 1337
9322 8727
5484 4906
4557 5760
5261 5607
1227 4076
3858 768
3820 8610
2085 3029
5309 6236
2508 3898
3528 8225
6187 2346
1132 3671
6487 2488
698 3620
2391 462
58 9225
9111 6073
8198 7101
4080 9291
9383 993
8259 6918
1112 9013
6628 5162
734 7981
7302 8233
7493 269
4436 7902
3605 6061
4385 2284
8505 7471
520 2215
4186 3616
1581 8113
5847 8064
8009 8553
7490 5891
1821 2154
3355 6146
3976 1021
9113 6957
6409 6954
2112 3018
5240 9884
9021 9598
651 7156
9316 5540
2049 5000
6626 9033
455 1222
6571 6699
2061 2096
3393 3320
7071 1800
3606 8758
3332 7174
1376 4266
7916 4803
25 2146
5544 3440
6279 7925
3535 5578
1690 273
7905 5368
4868 6913
192 3679
5956 7904
7631 7974
168 8256
7000 8844
1196 6487
24 4406
9827 1157
2234 5061
4122 822
1974 7224
82 2828
9242 6373
2276 2804
2745 330
3556 4484
2445 3874
7374 1085
838 9912
2703 6251
2222 104
8071 465
1926 8774
2008 2036
6986 4077
2786 6497
9877 8972
7324 9425
8391 2983
2488 2613
6978 1561
1344 3383
6624 6791
3685 8356
1448 629
6542 4778
6449 2847
2882 5361
674 7898
1936 193
7624 3161
4044 8991
8310 6742
3444 2250
4185 634
8504 8573
901 9187
4718 1134
3903 1529
3745 2459
4278 9737
1718 7482
1326 1770
8107 8804
3609 1445
6721 9474
747 2206
2667 3960
6753 2777
1191 966
9338 5868
2617 6623
8592 5434
8334 6443
707 3423
3570 9266
7639 3253
452 6702
3274 7920
9688 8770
5750 4719
8704 4872
3032 1775
8242 2763
5713 6486
1919 4994
3403 1844
8222 8678
5228 2089
2064 3585
2079 9491
1948 4876
4416 5741
8691 7246
7157 6399
8607 7378
9168 7963
3153 2617
4228 409
3892 2131
5991 6404
4461 7928
7524 8202
4306 1741
300 6776
1738 6243
5001 935
9033 5956
4917 3127
3483 3819
6862 8956
6650 5652
5923 387
1802 6766
3096 2878
7798 812
5083 1873
3799 2582
2878 2581
5762 39
2729 9120
9145 3915
5946 9447
3581 2600
1552 2296
1592 2278
6137 9902
1008 4050
7435 212
6590 1681
3974 891
424 9255
4910 4826
4779 3505
5535 3362
1666 1115
125 9091
2302 7477
7417 532
1986 5510
3869 831
1806 4098
3094 3011
9570 5057
9624 6826
3311 5420
3329 179
4030 7744
1838 6694
1531 2824
4453 2885
64 9248
9250 4204
4068 7703
8903 6653
1004 1481
3778 3026
2672 9969
5605 6481
515 168
7804 8684
7863 8830
7093 5468
9910 8167
6359 3444
4897 8317
553 2065
9691 6683
554 769
4708 6396
7981 8361
2463 9936
4005 4533
5508 8332
3020 4602
5796 636
3449 5373
7809 9459
3713 517
3012 3287
706 9990
1061 5973
1036 8674
2237 6949
974 3704
691 7001
420 7879
4780 82
5357 336
8287 3303
155 3527
7141 1789
5214 4480
4600 2976
9948 4729
1071 9121
4272 9398
1596 1352
5498 5576
2453 648
4621 4474
3320 2495
4010 8483
5758 3371
8625 3004
9204 9367
8621 3529
3383 2680
6923 6255
4086 7252
2599 9682
3735 2011
863 5126
6754 65
3875 1112
2601 3416
3613 9201
3327 31
1013 9897
1983 7094
8852 2142
3099 762
3018 4238
329 4647
54 2074
5802 1374
290 7392
5360 9146
7163 9494
2448 2788
7295 8485
5233 1809
3639 5280
4154 9833
3356 4022
9831 4829
2392 7099
598 5537
6076 2276
1126 4334
2675 8961
682 5807
1056 6836
9564 1241
5009 8118
9438 6845
6968 2880
6784 1731
7498 9406
6448 3753
8305 3478
1700 6508
7764 1462
4566 8098
2799 9878
2209 3777
4581 4447
5950 140
9539 7114
8039 138
4720 7849
5435 1650
5487 7318
4091 2911
8564 6492
6984 2498
6160 1799
5675 3572
287 5952
9505 6214
821 6265
6247 4169
3929 3103
2184 8529
97 7273
9951 4751
188 5915
3205 2419
437 6197
4812 2631
5681 3242
4088 9114
2110 4368
9747 5305
9132 1228
7425 325
7189 4279
7080 9015
8424 772
9012 9741
8921 5325
2749 1996
3950 4674
2548 1041
3872 4989
1057 4643
8398 867
8941 9366
163 440
5050 5538
9857 4904
7422 7453
6159 5166
2056 9181
7561 2662
327 1986
6888 4220
3906 1066
3405 2849
9588 9901
6745 8706
5450 6130
3222 5671
8511 5039
2905 980
2890 7976
3597 6589
9034 391
6288 4394
5871 5632
8575 2263
9554 6268
3201 7155
9014 770
866 1295
2157 9820
4788 5517
6653 2635
1461 8959
9394 6082
8745 2993
5785 5009
7536 5823
1542 7856
3873 7713
9410 359
8185 9687
1597 2746
6635 1748
9042 8869
5440 2463
3840 4562
6357 7464
2289 7504
5495 7231
5693 640
1909 7553
8257 5018
9187 100
3543 7421
1485 7732
7329 6211
5445 2692
7765 1994
2138 8603
7207 395
3237 5638
358 9052
4073 2139
371 8624
9488 2214
3293 5001
5208 9358
6997 7742
613 994
8161 2519
4605 2946
6350 5886
9213 676
7025 389
6680 7523
1026 6741
6130 7183
2552 2797
1039 7747
8869 8296
7813 112
3234 7020
6327 4464
9922 4222
7814 5071
3789 8850
2918 5667
8374 3983
7208 8020
5239 8716
7866 5558
8570 6843
12 4342
9498 1034
6000 7473
4258 8480
4712 1538
3682 8621
5633 9261
9771 5905
9937 7834
2187 8509
9613 5553
6173 6076
9904 2708
5477 9058
7873 2266
426 176
8636 6053
7925 4716
9345 4174
8252 2939
8692 241
4093 632
7344 7238
4096 2592
2221 2900
1607 2915
5345 2704
1981 7810
6757 6969
500 6187
8954 6687
7888 6168
1005 9755
7264 6597
4519 8270
4048 415
1866 7567
2774 2892
1431 3802
1425 8223
2547 898
2618 8535
4662 573
3067 8360
9019 8172
765 2114
6701 6565
6048 7066
3610 6017
9245 3315
8606 8554
150 1692
2275 5841
487 8283
8179 6920
4035 4697
7346 6555
9164 3008
3562 9891
4574 3951
2982 9456
1011 5507
8486 2008
8792 6003
8674 5836
2914 1079
6612 8709
1201 3968
9788 915
5134 5815
1213 4773
2099 3646
2307 8404
3622 4610
8565 3243
1309 7190
6284 8912
3968 1059
3426 5437
3314 5341
7876 5058
5840 7561
7012 9765
2118 3931
479 6870
2269 6342
5895 9307
4879 7242
963 7758
9575 8290
3005 2152
9085 4463
3724 893
4841 2664
7119 2449
3981 9689
8002 5552
6361 2776
7370 5903
4952 8596
6114 2561
7588 9403
6042 2803
5929 5734
1985 4578
6354 8130
7881 7672
7793 5215
9577 8261
3937 7397
5268 9953
4420 3918
7124 3159
1463 637
2994 8507
2866 6293
6532 6750
9209 9270
7502 7200
4108 101
5199 602
4890 3493
6913 8303
4107 5953
9425 6727
9630 5681
1251 2049
3563 3961
1454 8591
8555 9265
3149 2831
6607 9840
5212 8115
5554 3494
1558 2979
3710 4353
1436 674
5152 9792
3480 7826
3650 8197
6824 1701
4120 6507
7960 3979
2709 4765
7385 4926
5990 5432
6062 2949
9040 8756
681 7450
2761 3591
5926 3763
3139 9976
4830 3112
3430 5255
8116 9919
5297 9722
3023 6039
8332 8200
6936 7590
5488 5890
1969 5073
5521 9739
3783 8859
3294 9703
5595 1581
5728 72
4997 4875
8503 9572
8490 7809
9243 6473
9953 9355
2954 7844
9254 7663
4511 5664
6425 6970
9333 1829
1706 7081
9184 5783
9701 3344
6457 1441
6050 9071
6630 1159
5567 2090
7232 9107
6533 8144
6168 1493
5342 1012
7810 8619
165 4691
326 791
2949 6712
3620 5286
8236 2390
714 4608
5599 4255
5824 3340
5071 7069
9795 723
9629 297
4493 9757
1526 6846
4815 2081
1553 2864
5611 4984
2002 992
3309 1883
8519 4936
5324 5716
637 5567
3280 411
8234 8784
1357 3892
6033 7827
239 3237
2888 7714
4743 5981
2567 1074
5121 8358
583 1488
7931 9330
3871 4523
6700 2269
3080 2402
5979 4086
2502 7376
2128 7933
5022 7755
1832 4219
9990 7607
9387 3604
3684 4356
4134 6614
5724 1229
8945 1023
7850 668
4901 9339
306 3267
9519 381
709 8140
4216 5226
503 3835
8919 9381
1612 1543
5251 6569
471 4972
899 3510
1085 5570
703 9999
9429 180
5483 8415
2988 2749
8576 715
4609 576
4829 9348
9896 9390
5737 3965
6906 1299
1506 3739
982 3046
373 7385
382 872
3196 2935
1906 385
5932 3349
1311 2077
7380 9056
6866 7559
418 2445
5032 1830
4858 6982
7796 5665
14 5596
3117 479
2231 6828
1976 9141
6143 473
8640 1787
3786 9923
626 4391
2109 8975
4739 343
2899 5590
7754 7868
7851 5234
5671 6575
2378 5443
8928 5593
9457 2233
7734 257
1654 2783
1197 7685
2497 1179
6592 2841
6146 7035
3859 5393
7745 1828
6155 5287
1364 6956
2496 4398
1929 2321
3915 2566
4353 9796
5328 481
9815 558
2426 5025
3821 3693
3082 5076
6082 4455
7287 3052
9918 1221
1904 9652
6775 8029
9959 6314
8629 6105
8705 4302
4338 8846
5939 3078
4994 4305
7199 85
581 6227
6854 7629
6759 125
5698 8788
9358 9985
340 1322
2934 8309
1339 4744
2854 8289
947 2843
4009 6506
9373 4916
6269 896
2308 7291
960 3308
7304 2988
9974 4708
5999 4850
1072 6542
3911 3183
6396 243
943 255
2531 9023
9582 4732
137 819
9277 3201
4062 1039
2038 3566
5774 364
7446 9492
4244 1168
200 8954
3345 8291
2510 3050
9024 7507
7492 6701
7937 1279
509 8691
5736 3293
7936 5727
4957 9438
7178 2119
7586 9177
3340 5360
1392 5550
9800 9556
4813 1808
4263 8352
365 4622
6372 5654
2962 8973
931 6474
5938 5311
4939 4080
2609 3540
6265 9950
4942 5164
6307 4101
5394 4868
8060 9619
108 380
4325 9885
4741 397
9842 8032
8452 6819
932 3010
5063 5270
9552 759
5587 3378
4567 587
7532 6274
2390 8119
772 3803
6611 3843
5295 8564
1747 5547
1877 1
3026 8616
8923 8913
5189 4069
3152 5326
9493 6336
1006 227
9720 6585
7294 7588
1037 6025
1042 8259
4307 1132
1243 1706
342 6226
6133 4587
9634 4880
4582 3929
3363 6559
8831 2194
5198 2725
3128 2360
3918 5247
9264 6330
6311 8615
4714 5855
6998 2336
5225 1361
4084 8375
5411 4687
785 1948
6005 2308
5027 1136
5491 3645
2956 8390
7357 1918
9291 1950
228 8487
78 4884
9236 970
2803 5997
5818 5668
6054 6979
4642 9445
1278 6938
7403 3481
2906 2731
2679 4966
6587 8146
7829 8120
407 2736
1234 9164
7697 9719
4854 9365
9656 261
4827 9074
6677 9629
3842 6418
6627 6321
7360 9258
5914 5312
3725 8271
6277 8227
6895 8504
7250 5969
372 7004
8815 511
1731 2143
3733 5757
5473 8122
305 1178
8904 5627
6451 4469
610 6863
650 669
2285 5107
7229 7136
9909 9352
8445 4500
2319 9321
991 9729
1520 8643
7787 9451
1830 4109
3825 8236
6333 2817
8924 8282
3667 2510
7744 508
9138 9314
9627 6764
3938 6059
4685 9641
3631 2556
2904 5605
1987 918
7696 5455
8632 3913
1211 941
3007 215
263 1207
7848 4833
6874 5742
4020 7172
3887 9606
1109 6580
16 8393
6566 9070
1099 1523
8800 3244
1169 5655
6940 2189
2173 3860
9891 7024
4814 9668
5860 9251
9642 5241
7735 7441
6694 7008
7191 5207
5703 9267
1413 6113
9997 752
2896 3273
805 6491
4919 7571
4855 2676
600 8374
2913 1196
2943 8328
4034 9994
8196 5103
1894 3737
3384 9715
6330 4451
6426 9862
6181 7883
2490 4075
6246 551
330 5877
9151 4113
4123 9079
4364 6677
3520 989
2522 5766
8049 5819
4905 4181
806 2204
8879 4143
3373 2820
8112 3115
4759 1345
9836 7166
9065 1053
9231 3654
7690 7698
8110 3355
1034 9908
8292 8026
2156 3164
6911 5624
3508 239
2920 7491
9782 372
7457 8406
4032 5092
5949 868
2622 9184
3564 2658
6045 8411
2210 4682
1083 778
8912 937
6551 843
9238 9634
7790 9684
5278 6275
7688 6887
2365 9477
4386 3653
6921 1281
6836 8613
3980 5940
5006 4466
5415 1891
1945 1435
9376 8148
72 1557
5104 4620
8317 839
3896 9422
3198 2818
839 2798
587 1160
7857 695
1464 8824
2529 6016
9078 9693
6639 8542
4101 9315
7014 1360
2725 451
6044 9009
3671 3630
4028 3332
3722 5307
505 4758
4681 2057
8687 714
1761 8469
9453 7078
8279 9242
849 6451
3774 4490
601 2682
9828 3364
2686 4524
8409 5316
956 580
6223 8477
5524 569
9844 9431
1708 7021
1789 8858
6870 6385
1079 7587
5895 7110
4715 6206
877 969
6152 2485
19 8905
442 9253
1836 9605
2176 7478
5743 7303
8832 6352
2980 6450
2530 1363
3936 8923
7289 938
8481 2578
6794 6222
2207 5263
2694 2762
9890 4057
1020 531
7580 5485
9703 5893
1401 7503
1186 8839
7037 7987
2900 8300
1225 6049
7107 2188
3090 7610
9083 2433
1657 7070
1203 401
6119 8893
7566 7627
5631 7820
9560 2349
1012 1404
6988 4815
2473 3345
7742 7350
6201 6055
4843 8845
5819 5690
9237 3333
2908 6584
1519 4785
6442 8865
7853 4770
9092 9470
8254 7391
6741 9417
230 7888
2152 8022
4396 4243
5267 9235
6120 7862
8545 1197
524 4386
1739 1717
8296 4212
1240 4967
950 7845
7892 8977
9029 8226
5676 3984
4898 7527
5866 1851
8037 6267
4043 4575
5211 5512
9323 5013
7612 9004
6057 1273
6515 231
6513 2870
9499 5846
3111 2434
8450 9400
9208 1358
3162 828
3590 2232
6415 5791
1545 1490
9607 7622
6618 4886
3691 5475
7026 2015
5246 247
7085 8037
7622 5797
5038 210
3232 1732
3582 9710
8062 3863
6909 419
1202 604
4432 2906
8493 6578
8247 6789
9544 4638
8446 6931
2389 97
1082 4218
385 7394
8736 8888
653 4739
9893 2562
2407 9982
5992 3881
8408 9707
3177 7237
9218 471
3270 490
5809 1058
9978 62
1792 9907
6662 6374
7852 1656
8740 1153
5829 1175
7227 7656
8828 9744
6230 5800
9136 1137
2544 4865
89 8740
648 3023
7217 5063
9214 1780
5838 4481
4833 6444
9594 9924
3697 2313
4918 4227
9357 827
4021 8719
1419 4526
1973 126
9830 3449
384 1457
5269 4950
1179 234
5482 2819
8562 4294
9728 1466
7400 6613
4241 3104
5451 3780
5500 7442
3388 7860
4507 582
9718 7321
8568 9571
7056 2141
9766 5297
1902 3526
7182 2766
9512 3191
4970 5486
1368 7039
1613 7338
8301 5976
7011 435
5389 711
186 4248
2579 1684
2850 2231
3583 8136
7198 6441
5271 1928
793 9836
2597 7211
7046 6936
719 4376
7104 5564
7648 44
2979 2957
6603 4168
9329 1974
9315 8013
8588 1940
832 519
7347 647
9311 2607
1793 8116
3278 6921
8514 2493
6715 8171
8143 5085
6896 8060
4198 9754
2629 8827
7483 2427
2321 9163
9469 358
6203 4459
4285 296
6391 4715
5492 9995
5786 8938
8012 8513
6941 9667
879 3099
4709 2030
2808 4283
6097 4974
7674 5686
2659 8798
1807 856
5574 9483
2232 9616
1828 2833
468 2310
5171 8307
6916 9135
5719 8583
1621 42
257 8588
9965 9578
6934 4983
9549 2350
9181 5037
7034 156
8572 5115
2175 2624
7556 2876
4469 0
2862 6377
6421 8038
519 5687
139 2758
7980 1901
9940 4961
3699 2361
638 6260
1546 5955
2230 6075
5734 6980
5442 788
8780 9059
352 2872
5969 152
5069 7569
6414 6102
7456 5787
615 2292
4660 2446
1733 3490
33 3128
32 2200
7019 7524
3488 523
4742 7185
3062 9675
7196 1834
3865 8885
7594 4351
9294 2651
8074 8030
6801 1921
2261 6335
8349 1783
2318 4593
506 3290
6581 7605
3106 7365
76 7170
9982 6482
1345 1463
7176 9502
6305 9547
2101 1399
1320 6784
8025 8493
9595 9818
9278 5696
4078 5828
5851 1107
6666 4820
5015 830
1252 1124
8681 6788
5490 5628
4588 1252
4369 801
3944 2571
185 9262
1154 8575
887 1227
9405 4206
2785 8021
546 9250
8939 9263
3231 4257
5816 119
6967 7430
5237 9570
9025 7572
5712 9158
4375 7396
6596 2315
3651 8407
8100 5477
8600 4704
3115 1171
309 4800
724 1242
8622 5157
763 1270
6081 2183
753 8609
1348 1025
9297 8417
8470 9981
8623 5463
8339 2117
3753 5860
873 3325
2776 2257
8028 9077
46 6598
7239 6629
3632 5329
1303 1202
7386 2483
3985 6422
6812 1264
3061 5239
3688 7528
1321 3735
3919 6400
8268 4888
9811 3135
8709 3156
3832 173
7642 5407
7520 83
4958 9731
7016 3544
9477 3093
9050 4207
9062 3252
3318 593
2342 2120
2546 9996
6429 3227
4054 7222
3267 802
2044 6990
5585 8749
3598 2881
5296 9102
93 8585
3916 8451
6011 429
2227 9860
636 408
2515 8563
2789 8586
4179 8658
3001 1436
5013 1635
850 2033
9367 139
3600 2197
3283 7236
1797 3119
1294 7914
898 8468
3499 7978
9043 5471
4811 4261
4758 2821
1382 9568
8421 6036
6821 4540
8604 826
3197 5516
6594 1960
9819 3946
4913 3642
270 7049
9462 9959
7371 5116
4127 16
9435 7814
7484 5167
7246 8821
647 5343
2282 8731
1871 3042
1939 2999
6682 774
2125 1145
7849 8253
6389 1473
6321 6985
214 1686
6664 8213
9285 7736
8669 684
8974 1806
5560 5077
6444 4660
5159 530
6399 6636
7788 7325
7514 3531
1035 6728
4218 3894
8878 1492
3057 895
4071 8512
6103 8772
6207 8771
4934 2147
6859 4415
6436 3975
1783 4105
4150 2757
7591 5433
5079 6706
2134 6349
1768 6847
9792 7429
6595 2480
7523 3921
1702 2529
9925 3342
3044 5949
5579 9018
6885 3015
9799 4957
8655 7689
9066 324
1224 7784
8357 4158
1997 7866
7161 4047
289 7112
2625 7971
5020 1786
6688 6264
3030 1985
2080 4515
8826 5075
1678 2780
7114 2469
3670 2716
6632 1685
7162 9728
3326 1185
4079 7116
6827 1942
843 4287
9481 4878
6027 5076
900 5900
9551 4746
6408 8775
980 5606
4678 6463
3088 7792
1669 187
8463 5346
2136 8392
8224 6792
7082 4560
4965 7218
6598 7255
7449 3208
7756 3705
7076 9799
827 5829
2116 3890
3051 5608
9674 9347
9599 5676
4257 8373
1330 713
855 2550
6830 7467
9900 3043
658 5930
5714 527
6150 9827
6364 8135
5617 1713
304 1169
5842 1757
6167 8906
7983 1370
2241 9824
7364 4404
2150 6851
3546 5218
8011 528
7437 1962
8126 6736
5505 1424
9287 3967
5604 7034
217 9977
7953 3141
782 1400
4147 3312
3107 7893
533 1836
4643 333
3003 6762
2048 1926
7429 4170
2398 7522
7860 7048
2881 8105
1851 8095
7599 1209
2040 254
4508 8372
2868 6710
3957 6595
5139 7581
7382 2699
7033 2058
1301 9617
4155 8170
2169 1254
4861 6886
5875 4454
111 4352
3593 6477
2845 280
6068 1036
1534 7012
9510 1133
854 2220
8032 8979
8818 600
1886 5595
6500 9051
9117 3024
6165 6176
9036 9340
9823 5522
4318 824
8 5011
9253 365
1049 134
3290 7216
7148 9651
5101 7568
7856 9290
3971 7159
5272 7412
6975 3019
1561 8235
7828 4142
267 4840
5791 1319
6915 1961
3439 4226
6660 7993
3718 7495
3295 5490
5947 5743
3948 3186
2871 7154
6472 4324
8461 7942
1280 553
1390 1585
660 7476
7348 64
1809 2904
6927 5082
2256 9331
5025 1128
9580 4159
949 7519
3958 6916
4452 7405
1503 6531
3275 910
5659 4395
8140 1122
561 6688
6802 7512
6869 1024
1349 781
1622 376
2606 9259
1184 6718
8578 3408
6671 5529
2692 9011
3834 1676
7247 6948
4529 1777
4885 7576
4145 3770
836 1723
9281 2064
6319 1712
5427 4934
5259 708
6335 2808
9652 4443
7554 7344
4597 1084
5547 9207
3375 6041
6792 936
8972 6363
113 6556
1221 9025
1972 7486
2274 3361
1059 4189
1577 7106
6064 756
1720 489
1192 4194
9110 4009
3209 4626
773 7624
1146 1156
6955 4799
6760 991
3749 8565
629 4947
7123 7230
4157 8568
4806 1415
768 5481
9574 9476
4472 115
8676 3468
3143 2468
4762 6118
4366 1761
6445 5342
8628 5555
8525 8083
6222 6159
3199 4438
2197 3999
9413 5379
6320 9160
5316 3126
696 598
9758 5033
8981 8273
1010 2128
9341 4848
1513 2389
6751 1051
1935 9037
4772 3738
8051 8377
1729 6566
5005 9716
1532 5087
1726 2162
5864 6198
3155 8715
1848 9663
2441 5235
9550 1742
7710 5414
1525 9341
1957 1821
9513 8819
2439 1622
6856 7118
5226 5450
6716 1321
430 3528
7830 2345
7100 2039
9817 6864
8554 1199
8368 3990
5620 6459
3822 1366
1441 1870
2542 6897
2974 3916
1124 4837
3775 6013
4513 1969
4632 9821
6710 5902
3482 5321
1038 9817
1040 6865
603 1959
345 3134
5068 3627
2395 7165
2225 5717
313 2262
9112 1502
4946 6208
8403 9691
9711 6891
9619 3194
7619 2564
5390 8150
9008 9591
8128 8754
7051 520
5911 6136
5494 6092
5708 3772
5562 3028
1796 9688
6400 2031
2938 5932
6732 1278
1996 2645
3897 1216
5795 720
2731 9493
8663 9986
2084 8600
4778 9813
7242 6901
5854 2602
2090 6021
4727 1511
4922 6078
8141 1308
5183 5400
3607 102
7630 4349
1265 1591
7009 8562
8264 1057
2741 2319
5906 4900
9696 3343
7257 8111
7316 5693
3780 3317
496 2893
1095 3847
5697 7148
1484 8901
3550 3746
9088 1664
8394 1938
1319 2508
8817 9766
3248 6279
2786 5428
5167 2984
4204 4753
8897 5228
9748 4037
392 9517
8760 4516
9929 922
6240 1730
4498 4885
5981 996
5766 6440
3083 5361
4518 7202
1148 5148
5097 3806
3679 7117
9475 3458
4352 5597
2273 7872
9659 6165
7965 3682
3675 4928
8688 4338
5930 2494
4683 6166
9089 1371
2137 6249
275 5850
3422 2084
4954 8460
8225 5541
2475 956
7803 1801
7240 4856
3701 6824
6781 8237
7127 7175
8328 6626
6577 4786
6685 1383
4696 6153
3142 4013
9850 2196
3437 2568
3831 3188
8612 3939
693 4539
7894 6242
5191 438
5853 3386
5789 2686
5660 981
5265 2016
7443 1102
3490 3284
5815 6621
1847 5771
9194 3715
3925 5862
8073 6873
8326 8490
9054 2182
6202 8686
7070 3699
5262 5767
6220 8449
3841 2850
3335 3497
4196 1639
3802 5524
3536 3363
9760 2311
4792 6815
7505 1592
349 9149
2634 8765
3029 9001
3489 2496
1862 4162
7322 7335
1473 8994
3665 7361
2415 7778
2517 864
3732 9464
3827 9249
4798 9921
2328 8714
2297 2248
4376 9721
4390 2784
6115 6903
336 2338
4380 1215
7177 1354
1764 8871
2683 7700
9031 7470
9295 952
5960 9420
2826 318
9211 6123
6154 6893
5377 8970
3843 914
4061 6944
8298 9664
8812 6381
6453 9566
826 5198
