10000 9999
326 9335
7605 3979
7063 9059
1997 7035
3053 6406
5242 3361
1765 3666
8226 514
3454 6949
4179 9439
1308 7475
9047 1103
9523 3500
6154 2112
9762 3121
3417 3572
7324 1358
2687 737
332 5006
533 5497
3763 9321
5439 7173
2119 9338
910 3573
3982 6393
6113 1275
6346 435
9087 7953
8737 9252
5443 3542
6471 9775
2292 1195
101 7262
6011 1273
1475 3881
6067 7289
2370 5365
3863 6477
2484 7149
5852 9967
9438 1354
6788 734
2255 3455
2399 8680
736 5087
9605 8510
844 8995
9275 9298
9720 6638
6625 2768
1324 9618
6245 8834
3778 8872
4060 3251
7782 7450
3646 4465
4349 5480
2241 2453
899 4820
6620 4451
3960 9267
2869 5805
1349 6486
4722 5116
2681 2797
7240 4688
7200 6897
7682 9094
6740 9401
6647 1711
7262 9005
9058 8055
955 4266
8955 6884
8900 1340
9161 9837
6069 3901
1745 5917
20 5839
818 9299
8175 3622
8317 2289
2627 4623
8218 1583
3522 7252
2534 5644
8991 1126
8723 8243
6396 538
3772 6227
2674 8099
4203 8819
4351 3644
5478 3496
2904 3806
4134 4686
2645 8124
2957 8488
266 725
5318 5760
6338 127
9235 2501
439 5579
4402 8650
8513 447
9204 2165
8032 8051
9423 2856
1840 4457
82 1008
4590 5914
5640 5411
7034 5052
1506 9897
7969 173
2159 7601
8127 100
639 7332
3530 4298
9864 4793
3007 5545
5923 465
260 822
8529 1489
59 1885
3351 5557
6064 1219
2465 336
9786 4211
3755 8596
8388 1050
4672 3961
8820 2535
2604 6373
8422 4103
7430 6592
6931 2894
8742 5758
4160 9475
616 6889
7458 6040
1045 5135
7891 2363
8358 7298
665 2504
7639 2020
503 5907
3669 9421
2906 7730
6467 9557
1277 3943
5887 729
4504 1703
5814 1619
7903 8978
8244 9988
7400 1845
5991 7258
7878 4998
4725 1166
3253 1494
1586 5470
9171 3138
4520 2723
6363 2715
2726 946
8260 5677
199 5360
6696 6604
4154 2
162 3791
808 7393
8443 8355
6630 1769
8285 2948
7328 801
5832 3520
7847 5262
28 5296
2456 6993
7291 3312
9533 3327
2392 1601
8871 8599
8540 1006
2925 9035
9013 2950
4792 709
7570 6380
5656 591
9177 3347
587 7033
3717 1920
110 8527
4202 5974
1697 58
9415 9024
9949 4090
8106 6339
1891 7291
3926 1478
5755 5318
8922 6448
7194 7873
1878 732
506 2244
9542 6616
5961 3127
603 4947
1847 9399
8550 7134
3350 1788
4455 4534
964 5748
3888 3407
2249 1495
2426 407
6789 8503
8276 9824
7581 8948
7688 1708
5788 2538
9349 3063
8456 305
2550 7928
2306 2773
7611 4184
7431 7576
7106 8848
6537 4375
4825 1755
7159 1896
1094 7581
8653 4430
100 9548
3195 5067
7818 7266
4987 3608
3495 1562
6221 770
1067 4277
7067 2565
1686 8443
3359 8829
2151 8740
1261 3504
5795 3633
9975 6511
1534 629
2078 9133
7498 6310
1726 7999
1599 3762
5495 9122
7112 4888
8016 6642
62 5757
7562 171
6059 3539
3749 1031
6022 949
40 2738
1689 4085
9515 9009
5966 6676
1606 7970
2764 8620
2266 7428
858 2174
9996 9179
9460 9117
755 6906
7604 5877
9578 6598
4444 6956
6129 4164
9237 105
746 9470
4610 5607
7741 4514
3868 3831
2808 3384
1464 5117
2117 5105
343 144
8640 495
9180 5130
6310 7874
6701 179
5890 3537
327 4560
7981 7420
8273 7214
7555 1810
9761 2940
5139 5902
315 4084
9638 5028
5470 6602
650 9914
5831 6987
7596 2238
5346 6923
3514 7005
2774 796
6360 8273
9285 1988
8574 1943
3165 5897
7064 4460
4772 8286
4581 9585
5380 4015
6379 9108
9634 6950
7637 8657
2321 7613
5437 7312
879 3213
4012 2389
919 5412
452 6304
5753 3206
7028 9389
6492 2060
350 3322
1053 4222
4701 2539
5647 7490
8079 8707
2572 7571
5915 6347
2978 1065
1600 4441
9359 7865
9784 505
9071 8695
6719 7682
8243 5525
3808 9462
6269 4029
6775 2702
6864 9856
6534 8752
3831 5495
5280 589
838 5626
7975 9438
3054 2876
2450 2632
2667 8071
299 7720
6091 4020
7920 3260
8785 8745
6992 1315
5460 4275
9787 441
6922 9642
9526 3408
8650 9668
8531 2336
4829 69
7086 1477
3105 4267
3487 4871
5807 2608
2297 9682
6691 4067
8334 3632
7890 4446
3941 9656
9372 6660
7865 2283
2554 3623
2161 4126
9609 332
1747 5343
7535 1387
8517 608
5678 9093
8304 6411
4385 1256
1024 667
1712 1616
4483 4881
2767 5431
1812 309
6100 7466
6962 5927
3260 8953
4450 5564
5016 6846
4467 7443
9772 7175
1410 5323
8140 1086
5551 7641
2235 9588
9954 9410
4934 212
6616 2906
1185 8936
7823 5180
9615 3522
4697 9766
6768 3528
3922 5685
5630 5086
3902 2169
5024 8460
9099 9539
8042 605
5757 2249
8861 2357
9747 8841
2605 1258
8676 2115
2369 3662
7588 3306
1068 5430
8374 3693
1550 1761
7293 7905
6155 2611
1674 8316
7167 3986
5690 6160
5924 6189
4015 8293
8399 5712
9810 807
2511 2993
4148 6099
9551 5364
9916 5132
8802 8979
9666 7319
860 3708
5063 9327
6982 7868
3773 121
7856 1269
1934 209
6301 9787
9644 6837
6320 5652
8197 2599
7659 2764
6060 8990
6324 2676
4615 3954
24 928
7369 3832
1167 8767
9639 8334
3947 1924
2341 7936
1000 2072
3030 954
7575 7416
7279 7961
7353 5591
960 8432
9716 7500
1362 2394
2335 2068
5018 8927
9383 7823
9157 8249
5343 515
4673 914
3480 4720
9543 5441
7898 5814
7161 2138
1012 797
998 7621
4587 8406
6869 2892
4265 1437
5778 9835
1799 8625
6455 8774
6803 3131
6610 4602
2447 3690
7087 6080
6456 1779
2583 8193
449 6377
9474 6794
4964 6094
1192 3326
5234 3651
8986 7382
9164 6178
8760 3056
8637 9964
1176 8664
7732 6503
5884 3955
9563 592
3946 4716
545 2643
1368 6301
9570 5284
7268 4663
1763 6317
8102 23
4532 5128
7031 7392
3560 8260
6260 5320
5335 9977
7145 8287
674 2482
4095 9953
8647 8353
1488 9586
2111 3171
8338 9175
4378 9522
4291 8499
7449 1965
7882 1287
1798 5439
1597 5946
7517 4442
6960 659
8584 7125
6026 5973
2258 7751
348 6667
4293 5150
3594 840
7530 867
4930 2957
6512 8350
5619 2550
1281 2917
3526 4564
4192 2863
1803 4110
1964 3670
4894 1540
1791 2037
184 4209
3042 1629
6548 5843
7493 681
6121 5163
6241 5764
35 871
2791 7433
5430 1368
129 5598
7951 7749
2670 5498
901 363
7073 9895
2892 2742
2413 2340
6733 5089
2788 1056
9270 6379
8497 4357
2765 1365
6062 5376
2295 362
527 9121
9793 3018
6890 3077
3103 8713
8389 1475
2914 693
4898 6729
286 2857
9571 764
5543 5552
1282 4036
8838 7308
6097 2092
3822 8856
4479 6803
3725 9773
1684 1458
8425 4744
5528 6172
3954 7517
6105 7895
9684 5327
6504 7930
7224 2653
94 7276
3691 7387
1929 6847
5172 9131
6133 4165
6925 621
2625 3586
9453 8379
5205 5724
6433 4762
8480 2063
7396 4874
2303 4055
7919 6529
9000 9414
9841 440
7311 2691
495 5451
8011 3746
8442 5691
2965 6433
2333 4637
9851 1547
6045 4884
7952 5957
7613 8225
2360 648
3012 3026
6236 5563
3379 906
5826 4595
9592 1119
383 6054
9263 4717
8685 6337
3575 7192
1015 5735
6160 4794
151 4723
5289 328
9496 3128
2166 9962
7059 2579
8627 8821
1008 752
2134 746
5975 62
4375 1960
4384 4364
8264 6600
7497 8589
4278 5381
9024 8007
1346 2282
8809 8507
8086 4899
6187 7783
6243 8940
6010 3339
5613 7827
6912 9779
84 116
8730 6722
9672 8685
5457 6025
4107 2089
6425 9816
243 1155
9207 939
5301 5071
935 9755
5601 7471
8616 8910
1446 988
5364 1913
3743 8999
7435 2036
198 9981
2814 9324
302 7121
4225 6318
3325 1381
7908 6126
6112 3454
9665 9533
1514 730
3138 4980
1 833
8973 1018
3251 2818
7126 8987
1345 1291
7155 8280
6498 4725
7896 8798
7703 6375
3003 7494
1528 2868
3744 9700
2345 8173
3595 9341
3024 5817
1412 2679
2800 2367
1383 5522
635 952
1995 7879
6611 8906
2899 835
4536 3464
1723 4643
5305 9031
2215 4281
7256 3279
1618 83
9491 3600
7704 8368
688 7989
1156 8154
4343 4806
9446 4439
6690 3229
2228 3816
866 8333
9943 7200
6816 5844
8613 8696
2680 7479
2221 3917
7382 7390
9092 9136
7245 1520
7232 3938
6368 9251
6937 6244
2998 8281
5298 9902
4480 2986
3292 5709
9107 8994
9195 489
3221 1733
2444 8665
7686 1206
3581 2531
9292 9013
1328 959
2708 1140
5586 3765
7808 8938
2257 5181
5848 7627
7499 8073
769 4799
5217 4969
488 8179
371 7414
1623 6972
5941 5913
1960 3673
6676 6008
6209 6964
4741 7100
3790 5507
159 7445
3152 3612
9307 6410
7368 259
668 6591
6169 4940
8535 5149
4921 6548
1347 1674
8864 7620
5197 9515
8040 8039
3144 9567
1188 7710
5228 5832
2422 5279
2143 5250
3851 9809
6948 3884
626 3896
9759 4200
5501 5861
2494 360
6364 1898
8889 5477
6866 7944
4943 275
7285 1142
7326 7992
9783 7875
9259 6634
521 9214
7266 8484
5435 9960
8994 5084
9929 3475
2397 5539
5290 7023
7788 66
1409 8363
2020 8721
63 2222
4334 1232
6313 8681
64 1858
5282 1757
237 6329
8849 7502
8757 4864
3183 5387
9535 2769
4946 30
9060 4891
6855 6854
4187 5407
6671 9157
5611 9427
2600 5603
3096 6726
4213 9984
9739 1967
1002 1121
2448 8632
52 5239
7055 1216
450 559
7885 8167
1121 4842
2395 2617
6963 197
4481 7159
196 5556
2466 5694
9711 2246
954 1286
2690 4247
9965 8217
9221 4782
241 7118
6639 3589
1654 4258
182 5255
5200 8253
6130 7327
1901 9641
5740 9412
634 7021
5027 1904
8314 9973
3470 6154
1154 6798
9301 3956
9163 6145
5084 9350
7229 8330
8915 9885
7426 7070
8417 9935
9610 9270
4531 5243
3825 3264
4855 6452
377 795
5441 9765
1139 7714
534 4053
2031 3419
9679 5113
3512 8476
2186 9100
4874 8054
8362 1028
3936 25
321 8506
9687 2533
3331 8579
65 9676
4047 5572
5817 1242
7143 2067
9969 8152
8944 4882
3969 1709
5705 3669
8129 3561
9160 2571
2174 875
352 9089
4382 2935
6710 9096
599 9302
4430 2791
7635 9976
6770 5582
2834 115
8921 2345
2314 8314
8639 6115
6629 5947
7842 2019
9830 9791
6753 1990
3820 1728
6416 7364
6564 5879
6404 8251
2607 7985
854 8903
6645 2311
4837 2841
4427 6271
7852 1736
8348 1589
480 1889
4566 3140
4679 6829
6530 8326
4346 9336
7786 717
1137 9046
1142 4479
1042 4005
7313 9966
7673 7269
4933 4286
1535 7563
3713 3037
2848 9569
7695 1732
2177 792
6419 8500
853 7882
2436 8551
3032 4518
1525 7136
9645 3946
4563 9481
906 3591
4085 7772
5274 7031
2711 3110
249 1379
275 9674
4767 8450
8133 4145
9525 8586
5115 4099
7440 3680
647 2692
70 4261
1734 3180
9248 3808
7048 3147
2864 1875
5803 1066
2986 6404
1398 8100
5669 8542
3874 8715
4795 6725
145 620
2347 7719
2349 1193
6723 9992
2754 3969
1882 8932
4636 827
9014 5756
6883 5017
4509 1606
6976 5992
5313 5541
3434 3468
6328 6174
2637 7927
4376 4136
5779 707
5137 7430
7522 3144
6571 2652
5815 9161
4510 9037
3978 6424
4127 3804
9532 8502
3333 7618
431 374
8232 7257
7295 1355
3184 1892
884 1262
7509 5533
4917 9411
3091 6259
3986 8974
6347 7642
9854 7226
7927 4626
3257 2419
5726 7491
7694 3314
6230 327
852 4077
3666 7775
3025 9061
8340 7208
3836 8853
5990 3688
4112 1045
5481 8471
9524 5235
753 6266
5709 6246
9138 3913
9822 3409
8806 5078
619 4845
6293 9999
6728 8607
7491 6666
6226 2486
8687 3397
8302 793
5395 751
1429 4344
4360 6007
1818 9607
6470 9879
7439 2557
7634 1978
519 536
8143 9791
2179 6417
5028 745
9552 8390
5414 7757
9766 3812
5942 214
4555 5085
5096 2786
9043 625
8130 1312
7544 5795
1782 8744
7203 5718
3199 7694
8551 6011
763 7954
7794 9996
3072 8183
9817 4848
7755 228
8163 2382
65 7562
2009 577
563 4531
6205 4212
8815 2220
6582 6569
9804 4961
6542 413
8976 1726
8515 646
1085 4636
6163 263
8832 2182
8298 3217
8409 9204
4282 5099
7618 8451
2339 4512
8150 8372
8940 337
7246 6121
3077 6612
335 5292
8727 7898
9727 5527
1104 9957
6747 5373
1748 9111
8521 2351
5932 3588
9930 4359
7505 7610
4255 323
9059 2549
7316 3769
1329 5990
5384 6423
6422 5631
3219 9375
2913 191
7504 4983
8813 1975
9668 8245
3341 1918
2805 9351
34 3726
4101 7598
7652 8480
6495 8897
4523 6636
961 51
1545 8597
7226 3748
9165 8288
2981 4305
8359 2543
2578 4691
9201 6623
1643 6073
6249 4877
7249 3102
2661 4482
9234 5939
1579 2577
8404 1431
8157 8826
8423 3287
7263 4638
4391 5021
5818 2930
5973 3076
7654 6344
6631 8089
4680 7807
5349 7264
3010 9815
3085 6307
1049 7246
9068 5870
3312 9581
708 5854
6918 1039
1155 4333
6193 4300
4186 3362
5112 4675
6546 9334
7518 6096
9494 2699
9737 5064
8322 1878
8393 4176
2285 8907
9713 4355
1127 8962
4762 8290
6786 5479
3494 4605
2412 2690
141 682
1682 9685
3686 2686
1148 1253
9010 1909
6421 4866
8862 1814
5048 6770
7672 6158
3998 3090
7971 9974
4892 6128
6257 3094
2189 4740
6953 4621
7758 6717
4097 7899
5695 3292
4201 8442
2139 6138
4544 4856
2979 6179
9379 8629
1217 5013
4707 1731
4383 5896
4810 5662
7241 1149
1291 9109
5100 948
3147 6777
2996 2074
2606 4292
7388 185
842 9949
1046 3290
9420 3062
1289 7698
7230 6958
6849 7488
8485 2040
254 119
6898 8717
3181 1054
3586 7377
8844 5450
744 2878
6036 9933
1482 8776
1034 9360
4562 9082
5833 5186
3244 2456
9134 3982
9734 5076
6487 7301
9937 9570
5390 1078
3343 5930
9596 4756
9004 533
4248 418
2331 6415
661 3635
8252 3592
5182 8794
7855 7609
4845 6323
6466 3912
8926 2231
89 9958
9115 2721
6971 4868
8701 9592
4840 2341
1405 7245
3550 9834
8677 6876
8834 8842
2608 6707
6942 9928
614 7968
8925 248
9222 3844
3559 7739
6445 3499
3908 2362
5463 2654
4862 2510
400 3908
9518 8349
1974 6571
7742 6753
6145 6648
1280 7856
7132 1744
8460 2454
2349 3262
6332 9015
6151 2864
1301 7046
1474 3084
2741 4127
9035 4849
5079 2050
546 2239
9209 129
9568 6633
6418 4642
1128 3175
152 2327
5734 1469
8853 4413
7510 6462
6277 6792
2038 4583
2560 1682
6588 8117
4695 9167
4035 5473
2750 7740
7879 8548
2638 9583
3948 8181
512 3971
8269 6646
1062 1105
7312 5288
1340 6059
2505 2201
721 2163
5564 9778
1502 9934
4109 9551
607 9867
9315 3119
4238 4376
8586 9884
5974 8163
9385 2670
123 6309
2121 7114
5568 8801
4092 3004
9676 9417
8017 4227
5825 8755
6840 445
2858 7429
2718 7863
8680 776
828 6493
3365 7299
7252 109
4488 2724
9649 2998
6124 8239
8572 266
5503 6709
6792 3935
1122 9322
5589 2302
2021 5009
2455 4986
5510 5146
9064 8246
6165 4490
5488 1180
7331 3736
6657 1628
7131 4169
1223 7742
1737 2315
7728 6294
435 354
5133 3006
7283 7019
2570 5496
2388 4481
9765 8684
2288 7305
584 5195
3890 5074
8189 2614
781 2622
8656 9709
1946 4788
6853 2684
4866 5630
9040 5244
7567 809
3435 6176
3304 9358
2002 824
368 8428
5773 8955
9861 3439
6031 7672
9919 2801
9641 3236
8219 6683
4333 6738
1426 7855
5303 8896
5547 8864
1964 5209
9173 1400
6501 1420
5824 4689
4307 2109
887 5356
3564 379
9977 4273
1317 1602
7136 4093
956 6321
9039 9139
913 4386
2101 2451
3345 4038
322 8912
7560 2750
3853 5349
6694 3701
1814 8792
3754 9316
6673 1908
1332 1
1335 8855
1768 3476
9510 1247
7453 535
5143 1293
1348 1839
8803 8110
9581 8575
4110 2885
1269 9047
3649 4562
1354 618
6510 723
7853 6365
9872 3889
2208 161
3196 5538
4900 5850
7679 6031
3254 7348
757 2981
9621 4229
5151 3825
6340 4779
367 5293
4698 2907
6086 6695
5262 7460
3794 2540
1178 1122
7826 3978
4785 9604
3383 8788
2380 4817
5507 711
1462 8019
9225 7814
3801 6497
6578 4152
9346 1974
4802 4832
1423 7753
6262 8505
612 9357
6366 80
1065 7320
2982 2054
6561 450
9053 7850
5751 7352
2042 9189
1824 8738
4766 6895
3811 2766
8971 2166
7711 7980
7134 8268
7186 9142
5354 9224
2029 4694
6023 5252
4407 9985
1902 4609
3605 8048
6544 4296
6206 6916
5967 227
4056 6858
7843 6706
5715 6360
644 8169
3966 4579
7936 6853
4464 1635
2077 5752
9241 3629
2261 8041
2595 1982
1956 2678
4217 7534
5009 3566
3602 1267
577 2148
8933 9712
7698 5789
5541 2124
6437 4578
4191 6125
9455 128
2136 6466
2867 8155
3110 9616
1037 1044
3678 1397
7685 8660
5977 5092
6300 4851
1246 7988
4818 2976
5136 6392
2329 2344
3074 6982
6372 2655
7916 1805
2115 4060
9874 1454
7057 3480
5423 3434
8194 4862
8695 9151
814 1663
1948 3086
5416 3065
9924 1396
8903 892
7990 4304
1240 9859
3109 6262
2919 2952
7219 9038
9100 1603
9807 1263
700 9898
4876 8571
6082 9281
4954 293
5277 7707
6517 3268
5212 5314
2152 1243
4303 6208
3083 463
1923 7374
3432 1134
3547 3412
7122 6022
124 8754
2461 3437
3190 6830
4846 1264
421 7822
878 8514
3769 5958
9262 412
8917 8747
7983 8649
4324 2460
314 4012
483 6532
1966 8006
1214 842
8909 6303
1255 676
9742 6708
6094 6407
4485 8018
6591 420
4436 4715
3380 4213
900 9696
8439 5036
8733 3512
9503 8498
1552 8980
8095 3742
9147 5699
8852 2347
5206 8928
4113 5207
9577 9554
9365 534
4616 2162
1424 1857
1916 5749
5992 5942
5963 2806
5745 6464
8471 255
6152 742
2883 8843
9112 1257
284 1579
3680 6941
1467 4166
656 7446
8221 7665
250 2188
6138 4420
9357 1518
2985 5562
7909 5398
5104 7359
7709 9406
9057 830
549 4272
5527 4238
5865 5900
8674 3534
19 2598
9333 6491
7914 9936
1649 4335
6881 9051
5400 7760
608 6388
4887 571
8985 5229
5610 4415
7377 2491
8675 9916
8462 4178
8291 18
5015 9149
7881 7619
6505 9887
2332 8008
5101 4168
3501 2180
3015 773
8667 193
9051 7325
9564 4563
6730 2105
8645 1935
8578 7674
791 9233
2404 4635
7158 3962
9393 7051
17 7147
3758 1168
1804 8357
2920 4855
5708 8609
1378 6508
4642 4107
5128 2893
1590 8749
2997 2156
8981 9374
3882 9512
2442 2381
7641 1304
5797 6671
847 3892
3648 876
7103 5269
459 8431
5341 2573
5609 6910
3584 6421
9076 9207
9579 3198
4586 575
5002 8885
7036 6314
1646 6442
6234 2146
861 3809
5425 5831
6668 7268
3771 1632
1379 552
2393 1577
9316 564
5350 4549
9850 2339
78 2291
4967 2585
1541 4944
3953 9088
9508 8272
5179 9225
7443 1997
2309 828
2713 9520
22 7539
9617 8670
9911 3605
1633 2048
4826 6954
48 8138
214 2337
764 4449
6965 6505
6540 3615
3162 1048
5518 4061
8874 5586
9330 9264
7170 5494
1146 6202
2135 7647
1939 3861
7115 6283
3746 3515
3052 3860
4814 7014
8911 1411
2435 7892
2047 9511
7759 2591
784 7199
6055 5915
3275 7437
4909 576
3388 3627
1719 6750
9865 554
2927 2905
2549 158
543 850
4147 473
7603 2848
6153 7678
167 2875
3268 7604
9657 5825
5545 1764
5320 3151
2085 930
4844 1591
2677 3692
6281 2441
5477 5514
3175 6456
4040 5692
8478 6909
7342 5531
7074 1327
1459 5869
2281 1342
7459 7039
1078 9437
9775 7010
6570 4082
6078 977
4013 1666
7813 6419
1842 7018
1580 5878
1454 3205
6892 7251
4942 9380
4348 1197
6764 8909
4603 7738
9412 5061
9247 2749
5141 2558
7623 6143
8008 886
3735 7798
627 421
4006 4749
6666 4341
9162 6444
7050 5851
217 3823
3056 2881
9546 5740
3414 3548
6846 6608
7871 4708
7307 4760
8045 4764
4264 4590
329 8440
6253 5590
5970 9247
804 8259
2110 5263
601 6313
5677 9466
3823 4931
5762 432
4306 6662
7886 5853
1858 8675
2793 3321
5249 3272
4033 3231
3204 7222
3293 5544
3047 8105
7790 2464
8199 5101
5120 1642
4309 7343
9253 4869
1998 9697
1098 1945
4674 6586
1867 7015
3630 7859
6080 6231
9492 110
3931 4682
7633 4979
9352 4142
8397 234
9430 1452
4914 7047
8824 9187
9407 1921
1777 2813
3205 9629
2171 9923
238 3907
3929 301
7662 8891
6973 8615
6079 7778
2485 6965
8061 3015
1671 9499
3 8200
5450 5819
3708 456
4783 3249
816 1510
7085 3639
7918 8851
7592 8301
8277 8781
963 5303
2533 8870
3791 9237
4764 6395
23 9993
3402 9393
3320 5334
498 6205
1311 4587
7398 2425
9034 6911
164 8613
3838 4568
2464 3611
1243 7247
7412 9599
6406 7584
7648 1356
5993 8931
301 2379
7319 5860
4750 2925
5180 2467
150 9919
2837 6204
9539 2877
204 3717
1495 6521
3415 2636
2037 7737
1203 2295
92 7608
3100 2468
2768 4838
4758 5521
2279 7028
1312 2609
4534 4345
6968 1181
1338 1925
7617 6374
2157 5428
3395 7526
3478 6286
3462 7160
4637 1414
7177 3787
3993 6043
9254 923
9509 1667
8337 496
1102 642
1041 8709
7182 8343
5801 4598
8775 2733
2039 3012
7166 528
3043 3038
4025 7545
9757 5357
5006 6856
9216 5409
2902 520
8159 7830
536 9232
116 6698
5648 2623
2145 798
4886 6363
9516 91
2584 7013
4245 9092
7269 299
25 8863
8083 1612
1518 7106
8920 6723
8100 210
3990 6437
8505 349
9050 8635
9835 1651
7465 38
981 7864
5711 7069
2267 6862
9690 1830
4138 2548
2675 9718
8947 5460
1250 9710
8385 7441
7700 3298
1933 8258
3141 9552
466 1559
1095 810
9067 4550
3625 283
7271 4767
2312 7093
3098 7551
926 9076
7225 2592
2609 7937
3655 6690
9079 1742
6391 9864
3443 2902
1242 7470
1794 4557
5935 8947
6734 7702
9663 7058
5553 4649
2537 661
2564 9057
7486 9287
4082 3795
7712 8361
7554 8023
7963 7616
9569 8656
4821 9833
8545 357
6851 3774
3699 6716
5427 2884
5368 8797
892 5388
3094 7622
7590 4574
3989 9405
8666 4629
4839 7001
1950 2966
3105 6514
727 4491
1081 8712
1875 5339
4419 5581
9741 7191
6729 7198
244 7919
194 6100
3714 3109
3817 859
8002 9489
5391 1337
593 3596
5109 5906
8753 7184
7409 6635
8772 4684
1183 7653
6831 6513
4325 1151
3850 1094
6225 7888
3806 2062
4377 3959
361 3903
69 6057
3899 5234
9187 2041
3113 1115
3591 3865
6521 4607
8799 9689
2823 1462
6217 1144
8878 2209
3192 5993
2688 1797
5253 8528
1264 7900
5995 9661
7559 5505
6726 6250
4579 8395
6430 5640
6398 8227
7984 578
1680 4910
4633 6672
3891 27
8662 821
8829 6504
1522 2596
9268 1584
2083 3556
9701 4294
670 8722
1836 8724
6070 1107
1105 5614
463 7729
3041 8470
7723 5701
7586 3518
3070 314
4321 2792
3458 376
8193 7833
344 6865
2582 2049
4653 6506
5308 3837
8744 7695
8722 5330
1621 7489
1220 369
3753 7871
3130 5775
9131 433
331 3406
6231 8021
6566 5975
5529 8690
5515 6784
8469 3788
8801 7727
6888 6924
1063 8552
1133 6207
6424 1840
9629 6988
9534 7538
1051 1511
3059 7673
1771 2778
2757 5536
2806 7128
9486 4079
4000 6751
472 7550
5742 1290
8438 2080
9191 3245
2439 3783
7666 1083
3905 8849
9678 7764
9875 8595
7258 3749
8019 4003
8534 687
9002 9028
682 7242
3751 3998
4721 4795
2486 9069
6967 2081
6916 8742
1645 6336
8006 8376
3533 6625
8790 5217
7056 531
378 8546
4363 7723
5356 5266
7197 675
3492 680
823 1640
3800 9855
6432 8516
2274 4545
7386 4062
9614 4766
5696 3675
8361 3776
7405 2822
5939 2895
4338 8036
1874 8303
2969 5970
3309 6152
8635 6
1787 4428
7278 6382
6651 2285
8817 1766
9350 5647
3071 67
2051 6013
969 9655
2216 145
1512 2874
3537 6315
5652 4075
1659 1787
7913 7891
613 820
7629 8279
4152 972
5950 4847
8326 1324
6092 5025
4353 330
6523 2012
8132 3282
662 8384
5482 5278
5124 6826
5046 6387
8217 6710
7985 9017
5279 6487
1014 2775
762 9584
4387 4957
8470 1491
3787 5122
8063 3557
3403 9666
2721 3989
3657 1369
447 4172
2668 5667
8319 4250
1455 619
8573 1245
2846 4974
5314 5455
8046 7066
1984 6243
776 4116
5554 8481
5138 4343
1873 3405
8945 6325
9590 4726
1018 4673
1206 2944
4093 7426
7962 4930
3259 5423
4260 5996
5872 2604
9715 4021
6834 5093
1438 5568
1563 3930
482 46
8426 7596
2 3668
1773 9078
9574 1855
6270 9018
8165 8024
2142 3999
1296 5622
9915 8869
4287 383
1614 9990
176 8203
9032 9998
5444 4873
2841 2740
2251 3505
698 3021
1918 1768
8868 2310
7335 2003
2354 6693
3298 7915
8020 8588
1609 1937
9696 5882
522 4924
5592 2193
4045 9822
5632 2569
643 1147
6949 3396
1287 522
3021 6507
5533 194
2147 1981
4648 5669
604 8756
8951 5367
5304 8129
5287 2338
9726 3489
9817 7454
2313 5601
8881 5823
8482 6312
3066 1692
5121 5821
6012 4120
9444 4724
4622 4073
5871 7356
3342 6398
9816 8184
9431 2029
2352 4129
2191 8867
5968 5291
4126 4461
6298 9504
7416 6893
2988 8005
4585 6292
6393 1226
6186 7130
3090 804
6581 5139
11 9797
5897 7499
4973 9148
9114 3443
5066 60
7234 1630
8870 6226
1985 1812
2701 9785
2203 4713
8080 8631
7178 5971
6135 6699
8734 4706
9299 8839
7149 7372
147 6780
9326 5721
7762 5774
1907 3508
247 7721
6489 4195
4074 1481
3430 1301
1171 3478
2342 2664
9266 8449
2090 5873
4645 1980
6009 6195
592 9892
5165 1473
5723 1614
4969 5276
2918 4997
6047 3208
529 4332
4627 6883
433 512
4039 3265
2654 6105
669 2990
5776 4699
8752 9915
6998 1969
1834 9693
5474 1113
2724 6904
8999 278
1088 5299
2423 2708
3834 5457
5925 1010
1325 9206
3795 2537
9343 3659
5411 7575
268 3722
3453 2983
9939 8691
2319 2711
5226 5433
856 2226
897 6820
8759 6168
9232 3193
5573 3122
3484 2980
6860 8429
7467 2005
6856 5022
4704 8876
3166 7716
1001 2270
7798 8038
4713 1741
3642 7890
5594 7209
5828 8538
6693 8658
7761 2405
8164 2356
9583 6977
7622 4388
4868 2033
9522 7914
5421 4059
8077 2122
9732 5932
2195 6871
824 5315
792 8136
5108 2757
8186 2588
178 996
8936 4541
1820 9782
5877 7540
1070 6898
6211 3817
1197 4186
953 3773
479 8120
7317 3727
1236 1963
5088 7004
3229 688
6751 8123
4145 1648
3857 7240
6259 4614
6554 1073
3241 7190
5971 6594
8746 8920
8472 1137
840 6531
5791 285
4105 3796
8366 3462
6966 3153
5787 5523
7253 7398
6739 3285
2046 9342
6083 4815
3897 6927
8377 7801
8688 5863
122 5187
1679 7265
7183 9780
8858 8725
6744 2979
7729 5526
8901 1261
8177 2996
569 3603
7547 1281
5340 2398
2204 9839
7346 4187
7966 9806
5526 4379
4131 1157
9902 8802
55 7838
9456 7202
1314 9903
5428 8386
9971 3850
1366 7935
8341 6774
6156 6470
1688 3724
7433 2023
7828 7074
2097 3786
1648 9391
3145 6787
5780 1160
4731 6767
408 4925
3051 9610
5530 4268
6382 8456
8185 6020
4717 7052
3826 9769
5710 9544
7300 6599
8296 9877
8407 6681
7805 3764
1052 7636
6007 9757
6727 8723
7432 8186
1244 2321
8236 8602
1235 5232
7213 9290
8324 1277
3123 154
9392 2414
9360 6663
9632 2088
6343 9695
8057 817
3760 4087
9476 9747
7347 5587
9386 3431
2130 5638
5688 3893
1477 28
5038 3570
1826 6631
2028 7741
6044 6686
294 1239
3600 1905
957 7231
2874 6049
6748 1404
4752 399
9740 4033
5468 5104
4878 3071
3900 4320
6102 7767
2001 1707
6524 5596
1389 5766
6258 260
6287 1851
7330 9821
1309 4680
6101 6793
730 3815
1204 1496
36 5516
8769 2173
9368 3733
2478 3325
4542 980
8452 4484
611 6536
921 4323
7125 5344
1273 2570
4572 1080
2737 6261
1199 5072
454 1719
8368 6535
8454 2544
7649 3647
6665 9956
9970 8206
5058 5855
8931 5001
9479 8438
6985 7544
4714 9292
5910 9868
6327 2567
8654 8705
9374 6563
3944 1439
6183 1391
3425 856
1386 6914
2271 5731
2196 631
1458 4407
6826 5399
1971 6112
4490 5687
6054 3176
5 2716
3197 3506
8233 614
4734 6449
1595 8924
7866 9488
2214 6919
6633 3016
2282 1165
5585 2534
6450 7099
226 5437
3420 9858
4365 6718
9653 7688
1270 9500
7806 7186
9557 17
4966 9720
169 5834
2732 3416
1647 2939
9183 9239
2280 5058
4593 2155
4699 9680
5004 2039
9995 6159
8188 2943
8072 6077
3214 594
1792 177
1511 1326
7419 9362
9144 7267
6995 4981
9410 9750
6333 7117
3783 333
9450 7239
2967 4322
1478 9235
7406 9899
4445 5555
3016 2870
9123 3840
1924 7126
5237 3372
4888 7495
7961 6918
161 6288
2959 5151
7084 8887
7243 1743
7357 6044
7558 8716
3023 8661
7099 339
9045 7009
9072 8153
9396 7011
7512 5148
1732 4967
9286 768
8187 3106
2735 9926
3945 4588
5602 5797
6337 6117
5178 7509
485 7012
9140 1556
1856 3723
8014 1992
8372 3502
5628 2103
1761 5489
3132 120
9137 862
3622 216
7046 848
7691 4262
2916 1882
5900 4923
5064 1240
5646 2725
1448 2536
920 7559
5889 4434
793 3974
5520 7048
7168 8583
3044 8068
3316 5016
697 9753
8153 2975
9806 8561
2018 1923
9987 476
6383 5835
7642 6614
1613 1525
6652 940
789 6990
2666 2326
7837 2436
7485 4741
1216 7771
903 1772
6873 3747
2400 6585
5556 1976
4843 4796
9261 6260
8619 4236
47 6985
8564 6785
4448 6620
976 3301
5512 5938
6491 4163
5902 3613
967 5414
6654 9502
586 4801
9413 4054
3477 2493
649 5459
1604 6141
1762 3386
7902 2284
3029 9485
1272 9344
1108 3267
9473 406
1130 5328
3267 606
2446 9074
2149 6163
1033 6285
9245 5396
7017 5713
3095 1748
3262 1910
3984 537
6660 8919
6139 6551
281 6544
4190 5686
3517 2494
2632 6381
8306 2849
172 2449
1028 4519
6413 1803
487 368
742 2898
1962 7081
3497 511
4977 2891
9637 5375
9555 7331
158 2264
6349 215
2716 5787
9820 5196
2785 6306
1601 3751
9075 7451
504 6952
1238 6947
7892 4081
5918 4478
6567 8098
7384 6817
364 4770
5211 4008
4267 5096
9691 2078
5605 724
679 5728
2603 1760
3748 4591
8415 9951
7630 8780
1165 7726
2489 7690
8632 3266
7150 8957
9847 7580
1136 1112
1106 4066
1566 803
347 6464
5956 464
1360 2605
9945 402
9145 9431
3400 4225
5453 4235
7789 3009
7238 1706
5523 1027
3924 8357
8250 4902
7922 9490
3652 4076
432 2075
807 247
8996 4624
2048 5452
2762 5782
7876 387
6823 7643
5207 973
7845 4840
6093 4895
8088 345
2427 759
4709 703
3861 2096
5176 9959
12 3549
1215 8495
6662 9210
6914 4703
2516 3663
685 3444
7578 5384
4244 2443
8392 2646
7091 2838
5979 3973
4460 3036
4487 6537
1315 1680
4137 2968
633 2673
248 3841
7776 7966
3392 7950
7120 5331
2326 9138
4196 2150
8546 9434
5119 2298
7572 3857
4139 8448
3125 24
417 9253
9706 712
7098 6810
848 8590
1714 2177
3647 7946
8984 8580
4234 5301
2372 7474
7096 3129
2649 9346
7407 1394
1949 3134
6854 2594
2219 9852
9277 9168
9329 6572
2882 9873
977 5275
7844 7623
6336 7104
4066 3027
235 436
4980 3494
9240 2825
1730 1192
1279 2798
3252 4398
2543 1359
6536 1046
7208 2621
2004 2842
2120 5417
5989 2047
1333 4880
5686 4422
3050 3079
1164 5911
46 2325
7500 5876
7275 9589
8448 2811
6120 5171
2954 4941
2053 1211
2150 7897
2200 2513
5733 8523
7051 4
5204 4984
4624 3160
9242 4857
1531 4669
2740 4350
67 1745
7958 8572
9858 9211
5118 3648
9414 3606
7979 9423
444 7911
1888 5230
8509 1319
7029 8865
8836 2521
4355 3359
1228 1718
9367 6955
7804 4325
3339 519
7875 2665
2070 7112
6175 6343
2650 8244
2787 4672
9844 2133
9066 5184
1693 4183
6584 4654
9377 1862
2893 3201
3728 4017
5672 3847
8840 3049
8213 8424
9626 9293
6423 176
5853 7963
1713 3923
7089 4495
5132 236
379 1401
1722 8207
3597 8351
5802 2978
5642 6939
1553 5484
1271 4732
5227 8131
929 624
7643 4800
2114 2437
4083 4374
1570 7976
8004 1767
4220 9170
1876 1214
9625 1860
6251 7345
7148 331
5929 9723
5090 7828
1257 3472
9206 3601
2581 9205
9808 53
3849 1179
8570 1570
4043 3584
391 731
3061 9216
8365 138
7556 3701
42 7820
8257 318
8373 448
1190 3562
1430 2635
60 9904
9782 933
1254 4633
3079 5214
5436 2941
9428 1347
6780 9285
837 9800
2694 4739
9179 5785
3283 8971
6697 5404
4411 2253
5958 8397
2545 1425
8222 3355
2411 8617
8195 9751
3830 5871
8029 6736
4199 6624
4619 4370
4696 4758
5732 8515
8300 7411
6664 7824
4715 4775
9940 9014
4664 6025
2653 9256
6503 2281
7857 3988
902 160
9335 5501
2614 5493
6041 5336
524 9986
3177 3333
5739 3738
3740 8533
2322 2378
2449 2422
1702 410
5264 1127
8563 9736
8508 863
7378 6016
8391 1318
1492 5358
6068 8950
4100 9790
984 547
6841 4424
1392 4150
2945 6799
6428 8277
1278 9849
3036 8545
8841 1527
8172 3830
9148 7585
6575 3657
5442 4627
201 9745
883 9352
5375 7564
6713 8323
5261 7624
216 8760
6211 3104
1493 6522
4381 9941
2678 6461
6460 9931
304 6405
7270 7079
7077 9677
8290 7704
5198 4831
9104 4932
8224 4771
5195 8672
3363 5660
3126 2280
91 7107
7887 2417
4106 8199
5633 2483
4571 8405
3856 7216
1969 5313
7274 9929
9576 3637
833 9030
9893 811
9325 1835
8241 4994
8993 8454
9447 6800
4609 4180
6725 7407
9760 5055
4397 356
8152 7483
8913 3753
5707 1288
3970 8111
9986 1093
9833 1598
3319 5366
4550 3590
8525 2746
8085 6450
4482 3278
3737 753
5614 2666
1123 8119
9336 4893
1109 6782
1851 195
2634 318
6991 3181
523 1417
280 1330
2182 3225
9953 4892
4104 8331
4305 8917
6427 7572
4670 502
978 5144
1793 4391
5235 9541
3502 3030
6500 1002
7018 9741
5514 8866
456 6651
6839 7957
2438 9910
6877 2091
2989 6021
5332 2606
6388 2928
3876 4237
3337 6712
6384 5679
9220 2880
983 4026
9643 9954
8408 5077
7206 9467
640 2850
6401 4303
3641 7795
3439 3481
1407 7593
291 3149
7668 9241
7239 1088
5665 94
2703 6940
9956 813
3999 4028
5271 8775
7932 1825
1892 7979
1173 8074
7334 3365
1356 2563
7576 5410
1676 5030
1717 9538
7528 2406
3038 1639
8872 4025
2350 7510
7410 8704
3031 3977
6636 3460
7445 9058
3667 8337
8093 2705
6685 5053
3963 4181
7915 9660
5770 7322
8192 9433
2577 4939
8286 1053
2236 4290
8617 8985
9812 1255
7640 5231
6188 7369
4819 9730
9698 8494
5220 7328
1564 4670
6613 5583
8025 7003
7102 5759
799 7640
4073 2566
9086 8174
676 9403
7450 6902
446 865
5969 6930
1941 6144
4798 6102
2992 6346
7413 8439
8865 4330
9768 9529
2079 9022
256 361
1996 5750
3306 2030
2723 9937
2183 5062
6552 1419
7942 2776
632 2014
8511 1654
3621 7076
1666 5242
946 6934
5855 6984
7267 8292
7822 7817
27 8422
9389 1100
2049 5535
9089 6051
3047 572
79 922
7716 1233
121 3929
1992 1799
1596 6962
7671 9989
2618 5768
6220 3112
1461 9683
7088 3053
4320 3636
334 2152
805 9305
5836 5961
7836 2700
6420 7280
2291 6743
2963 6403
3468 7745
5159 5848
6518 424
6282 7053
7807 681
5131 2461
6224 3941
7949 8285
0 9727
2977 2386
1125 672
5953 5119
581 7648
944 106
5296 6255
825 3044
7090 8832
2197 3197
9159 7236
1225 400
1539 3284
7784 8088
5269 9472
5362 9875
4543 8315
582 5559
5699 7049
85 9329
8883 5268
2035 7924
6417 527
6634 1856
3155 3813
3194 5199
5842 9215
6334 7300
7809 152
9650 3281
8686 4610
6952 8491
2476 3095
5214 2918
5945 6127
5626 5400
3302 4889
3189 8233
3151 9881
5898 1795
6477 7996
3774 1595
160 1343
7201 7418
508 6530
4206 2737
2296 7120
2474 626
8406 467
2727 6185
3881 1463
6573 41
4629 7649
4601 4337
8643 4148
6107 6605
1958 1688
1828 8633
6705 9223
5667 5090
7706 4368
9777 4105
1953 4905
1560 1979
3118 7993
271 2658
7427 1853
3626 4841
7323 9176
8956 8694
4553 5949
6935 2525
2325 5182
7766 3859
1610 7657
3603 3920
1414 3170
5255 5023
6035 9762
5333 3664
9297 1831
1073 8205
8886 1690
4890 3811
4662 8811
6088 726
3421 6482
9465 6432
6987 4567
8607 6670
1352 3310
2170 9222
9073 5156
9369 6148
3880 5069
4240 4395
4646 6459
8495 8329
443 1859
6773 1336
7376 4676
1399 5693
7227 5649
6146 1187
2639 550
9303 3099
2802 8176
4694 1789
6181 8905
6215 6834
7329 4818
2286 4006
2868 9002
4568 3159
1061 7386
5714 9435
7061 5424
5184 5260
3617 3391
448 8637
666 4836
2424 7921
9780 5934
6609 3798
7911 3854
259 523
4340 1939
430 244
7532 953
5505 3594
7422 1727
3839 5403
4374 9505
5986 1393
2102 4995
6781 6275
2315 9742
886 437
2922 2431
5021 9320
9364 7371
8537 6084
4395 8358
6182 3731
4800 9843
9498 7840
497 8436
8527 9818
426 1363
9300 1423
4759 8002
3405 5723
7763 7497
8591 814
5310 4228
9886 783
5799 4153
1400 5169
303 1016
5272 2228
2575 4276
6843 4040
3604 7734
7849 8651
397 3934
7140 4901
1420 2790
3555 9328
255 3210
4279 8085
3447 1781
4468 7951
2796 2495
445 7261
6131 4102
8969 3218
9840 5546
8410 3334
7180 8441
4005 3257
9974 2265
1425 8382
6802 388
3885 2488
4330 3115
3375 2717
5805 2949
2962 7867
2760 6119
5702 5715
8579 4950
9340 9732
8369 5978
4275 35
2715 2428
6814 6588
2138 1114
3314 2247
6924 2442
9602 4167
5540 7257
5606 4738
6228 6613
733 8560
7968 5236
5162 8231
8519 6546
4034 4443
3589 6217
3057 103
8034 8683
5319 6076
3112 5999
2786 8188
8522 15
3654 4697
4796 4064
683 8644
9640 8241
7850 4108
7277 7405
9973 7271
4628 762
9356 7633
7739 6014
2953 2693
5946 3516
5904 3706
3120 6004
5233 7691
6380 6123
8147 4865
5744 7947
7757 6953
5621 6868
6407 3994
2344 4245
9238 8934
1260 4589
6910 9691
6431 6042
2127 1984
8504 8195
5719 6281
7228 7071
771 5045
340 3113
3068 7456
8162 3436
5456 3277
2623 3810
4250 6809
1903 3687
9090 4928
7470 7903
6732 6245
5039 6788
3237 6050
4739 5218
6342 9498
2789 2140
2452 4707
5383 7124
2407 3899
7361 9882
4215 5937
1363 7297
4705 8737
392 8291
9797 851
2779 2447
7797 2551
939 7473
7375 8757
3675 8486
2441 7087
7580 8655
4950 3887
8467 6961
6272 4878
3455 1949
1900 7476
6682 289
1979 1480
2536 6476
5160 7853
9464 8521
359 7525
132 941
2440 3658
8681 4861
6030 5963
1922 2620
6344 815
2030 4351
3912 5984
1994 7468
9287 9547
4023 9147
7110 5483
7795 5569
1898 1367
5927 8275
2025 9828
5284 8310
3815 5147
2055 1907
87 4348
1887 8113
7251 2450
261 4665
5010 7857
6053 6615
1559 9883
2003 4035
4399 3655
797 5872
4508 3111
4010 2710
5276 477
6178 1501
30 1753
6001 1721
6805 182
9866 5049
3781 3394
4849 6867
4262 57
8437 5888
869 4834
6051 7826
1358 7067
7722 9553
490 9927
4858 4414
7939 7718
6164 9071
9880 5763
3962 727
4968 2900
2586 2824
5886 4929
6830 1930
556 39
777 8178
401 2762
6389 1836
6893 8926
8670 2397
2958 6892
8429 3299
1850 6289
8747 8235
4872 2462
283 4761
2462 2593
3469 2851
1285 9311
2720 6912
2058 2823
8642 4908
5949 6293
3506 6137
912 7577
305 2178
8516 9464
5322 9067
4432 5755
395 5813
3048 6129
4135 3702
9 4723
6817 8795
3636 8065
5783 7346
3952 3192
9380 7802
5225 4022
6037 7756
2305 6978
2778 8831
9436 772
2076 8318
4990 1649
2217 5465
3243 3942
2539 6556
6162 4405
4221 4296
5804 1025
9688 4161
7309 8793
9790 6609
2515 2651
6736 6975
7058 1349
3886 2754
1221 8165
4172 7553
206 5502
4129 3288
2473 1108
803 8130
1668 7259
3852 3514
336 3389
5049 1026
6820 955
418 8735
4820 9786
4149 4651
6351 2432
4442 5809
6607 2369
6955 3008
467 2602
9892 1615
7469 525
3222 7896
7288 2119
2232 4528
774 485
3409 1821
1859 5340
366 9633
7814 9781
3797 8587
8070 8700
881 4566
9280 8378
7468 6441
5668 3995
4582 5867
1913 978
9120 5378
2555 4903
8939 1531
3008 585
1832 1661
3097 2974
4923 5799
5575 8052
8544 6622
9994 2770
1442 1660
3271 1124
7418 6190
8084 2490
989 849
7364 2385
4882 8198
9211 5802
6692 5567
6745 7142
1802 4339
2458 4711
5767 8636
4456 3674
5607 8674
7139 507
3463 3634
464 2959
8475 1564
267 5554
6756 6326
1256 5994
8198 8693
233 1544
2225 1488
2113 2922
7699 7940
4124 694
5765 8992
4732 3305
1213 9052
8778 7527
541 5019
191 7353
2908 3543
3382 7043
5940 4733
3235 1164
2265 1311
908 1724
9003 7768
8166 8339
1673 2995
6171 0
455 5258
5911 2375
2209 7287
826 6443
9442 4248
8215 2052
7012 5420
4412 5646
2527 258
2027 5629
1150 5720
2381 1972
1694 6595
1337 101
9521 5142
3461 7522
3233 6882
7481 5448
9500 5003
8394 2807
5850 8142
4098 3699
1416 6561
1231 739
5433 6704
6476 6974
5691 9561
2746 3820
1487 4487
8201 5829
4081 8365
7638 6319
9878 5745
1823 6319
3045 6789
5784 878
3634 7883
3724 8824
783 5224
3957 1464
8562 3385
2870 6565
3764 4046
9009 8901
6595 7675
2911 7286
5906 1110
1181 5274
7471 466
7211 6832
6331 1538
9622 1566
3561 149
4583 976
2233 8472
3202 9869
8580 579
1460 8016
6599 5772
6808 61
1755 2255
5813 6367
1184 2160
8216 2767
1434 256
386 1389
8699 945
982 588
790 8895
5508 338
2976 6580
2879 8342
3213 8762
3733 3541
6655 5616
8792 2354
2499 2147
2160 5624
4667 2301
3532 6268
1608 8322
5386 3211
8514 5081
9752 4807
7179 1471
9746 2732
6797 5935
3442 4217
2803 7435
4174 9716
8228 9282
723 5466
3705 6533
765 8778
398 2123
4567 6674
7043 4353
1452 4620
9998 9441
4570 1333
4853 1762
6132 3116
8230 4117
3906 3734
296 5864
6289 643
3224 7016
8851 3997
4184 1864
9699 2830
7015 1807
7773 7800
7370 4362
5663 8344
45 2250
5376 2674
9373 4197
5754 5379
8826 6931
8691 985
8974 4283
7521 3470
4032 1607
9341 26
6386 6719
9351 1331
565 1817
7970 1188
9061 9192
6543 2308
6232 7077
5881 9888
4965 6547
168 7458
3878 1339
9070 6063
3274 9097
4274 8970
531 8916
2287 7759
16 7017
7593 6703
4918 9630
4211 5094
796 1079
9944 3286
2234 6153
2148 381
3918 2739
9463 70
8532 2176
4870 8109
6292 7362
5981 510
2493 45
7462 4421
7697 8978
5373 4432
4880 8610
9119 9055
3287 4048
6771 1786
846 9555
6499 8305
4182 950
9400 563
6602 9688
3122 6749
1757 7045
209 2009
7999 3608
6192 3560
2692 8968
234 8145
9495 417
729 4139
3824 3625
3887 19
7796 8975
5737 2408
1413 8299
5361 34
4655 2657
4552 4860
5399 4313
8446 2299
9572 8017
3965 6628
5031 8313
8205 4601
461 911
4751 5442
3688 8035
7993 8356
9113 329
9781 6003
6509 9098
404 7592
9108 7215
4453 1309
2421 3883
9065 7813
4223 6350
9976 3123
139 5965
1989 4177
3619 3204
1665 7224
3206 5800
3217 3805
5365 3667
8339 2121
9151 8352
6857 3641
9388 8844
7777 59
7677 7384
3390 6280
9025 652
5455 6763
9883 9228
1897 6273
815 1640
107 2098
7774 818
6514 7116
6961 6584
5671 3818
9631 3120
7583 44
5222 6848
10 1901
6735 3295
2082 5674
6818 9825
4352 5936
2116 3152
4693 8175
3208 9739
76 4224
2247 9731
7181 6467
928 7788
5786 1938
7476 3179
5194 1228
2268 8053
2794 7162
1854 2108
3615 1819
4089 6075
5232 7842
5933 5449
7236 6422
2373 6274
7124 3918
2062 7315
5114 9284
3148 6807
6267 4952
3246 9123
9469 2328
2930 3473
6801 650
2007 8959
3106 3190
7800 6110
3207 6677
1789 7174
6006 4205
1735 8043
276 2829
1361 3558
1327 1609
680 2131
2103 3000
9926 1129
8554 8407
3644 1405
6034 8473
5291 8317
2844 9729
2168 8634
4611 9245
4881 4264
9121 7440
6314 612
4286 2196
5187 2396
5494 2294
9567 6593
5087 1167
4511 3315
664 3031
8124 9749
8347 654
8556 8900
8968 7630
7781 3393
2481 3763
4498 9269
4668 6320
4893 4982
5130 6400
4632 3937
9876 2520
5268 8061
1129 5811
9194 22
2008 9049
8592 4448
4782 425
5937 5161
7601 8265
2714 245
2974 1371
9749 1636
576 2197
7527 8823
7538 9620
2612 3463
2181 5157
4270 6582
4745 8765
2597 5035
5816 6886
3972 4469
4842 2038
9796 647
9604 3540
5451 1246
6557 5550
5704 1410
8003 3344
4323 4839
4735 235
9603 230
9756 4462
7702 5884
382 7389
829 9726
9272 6279
5653 9524
4099 2035
7152 9296
8895 8577
3848 284
6356 1759
9646 5792
8595 4833
7216 6484
7669 1848
6572 8945
2660 4464
4936 2934
4556 4907
8907 9626
2890 9907
8789 6133
5504 7027
8204 9623
6283 6334
9554 4371
295 8221
6975 3283
4941 7438
6049 7335
2642 6206
8445 3679
6395 3870
98 2261
7128 3227
2948 3526
9517 384
4246 8727
146 9370
3687 1294
9289 8475
6794 4308
832 5573
5144 880
4856 6101
9082 2844
3242 7189
3698 146
6123 966
3844 7241
2178 2523
3174 7676
8524 3447
1937 2516
9260 6647
8089 4122
8963 1730
2558 7782
441 858
381 21
4599 7138
8764 6182
6271 8772
4136 5271
7858 8930
3664 4695
2531 1055
5042 2259
1234 4786
5840 365
8698 8646
1976 3814
9654 7022
5254 3323
839 8835
9458 9347
3143 4447
7033 3777
3925 6840
3161 4382
2202 3756
6870 7171
7831 1686
3180 733
9231 2304
6240 1681
9152 8022
8866 2960
5934 4269
9320 5736
7210 4520
9069 765
5863 6331
7945 8882
5410 5650
3750 6095
6852 8639
3248 7869
5484 9053
6650 7225
7395 3471
8873 7314
1157 5584
9623 7197
1080 7683
4447 6209
4130 5474
1831 7793
9900 5056
8571 8884
3348 5542
442 5778
7118 584
6000 190
2224 986
2068 6296
1889 92
752 3430
9914 9621
4999 2761
4486 3280
3704 5098
8018 4870
4939 6341
4684 6754
7007 1503
4067 9289
9381 1608
8997 1456
5258 2560
1784 3089
3903 1402
9512 7148
3980 2545
2616 1082
3645 7178
7904 4630
7171 1671
1634 7832
3193 3041
1169 7990
559 4797
5397 5611
8110 4657
434 1229
9660 1998
2769 8020
5489 2095
8600 6416
6099 370
6526 6841
8890 2804
9702 5121
5591 240
5743 9920
636 2134
3399 264
6772 2542
6958 6463
1651 1300
4945 3826
2728 1493
7473 5481
8498 261
1988 4409
8309 7523
6295 3230
3576 2726
6318 5178
4584 2251
3841 457
4700 6872
2218 73
5952 1633
6704 4354
8145 1153
8646 9617
4815 6843
970 1567
3088 9523
6919 8218
1443 3569
5059 9625
1915 9714
428 8230
4865 995
3137 5100
6235 4736
3759 4118
938 7146
8962 713
9487 6237
5070 3191
1751 1230
2185 311
7923 199
6983 372
2056 6191
3727 3759
1027 8316
8058 4954
4659 3130
6637 6155
2328 8307
8704 1376
2299 2476
349 8228
1441 7
4414 5672
1394 316
7479 1956
2897 9385
9110 4160
5359 2908
9193 3451
7946 4748
5387 2125
3228 3922
3977 8584
1079 8122
4871 4714
2951 9177
5878 4965
9903 2230
874 9611
6979 1694
8715 3349
44 9468
7495 3136
2131 4951
2040 3418
8860 8784
952 1338
4463 8346
1326 6568
3437 7188
6229 910
4292 1723
3321 5166
1415 271
949 7283
2167 561
2099 9912
4974 1015
1201 5273
3062 3621
9934 898
3505 6691
4125 1948
8134 2511
2940 4926
8808 6760
6264 6161
2801 7861
3104 4470
7477 4805
3710 6032
8107 8437
9707 1618
5800 4853
4235 3244
75 5319
4283 9939
9673 5097
7401 6376
2074 7761
7987 8941
43 7511
1305 6756
3895 8847
5150 4547
3798 9130
8311 7872
3745 4466
3843 7578
5336 9068
4516 7057
1131 9377
489 854
2717 3186
7503 4917
8119 7860
1469 416
9074 8837
1490 2237
1720 4109
6569 9392
9881 4366
3780 855
4841 5698
8583 616
3203 702
537 8833
2356 6436
9952 4331
4501 4915
9049 2203
257 3649
6400 5773
8208 2288
8814 1516
8857 3162
5624 2514
4226 7434
5056 9307
3915 4555
8048 3438
6776 2518
3531 8042
9547 7755
6506 6257
8987 9715
7104 8014
1177 5247
4159 3078
3810 5804
9048 7975
3092 1415
5091 8209
7049 2215
5163 6885
1700 1751
6539 2076
6842 3940
6149 1833
416 7862
9677 7063
6216 4826
703 1472
5587 895
6402 9947
1055 5032
3934 4765
4454 3482
4052 8894
8539 3440
9387 7185
7344 960
8354 2189
1205 6198
3264 2795
3209 2663
3964 1867
5199 302
6285 7290
9146 9126
2719 6045
4867 5413
86 9804
3628 9376
6056 5088
9327 3146
8914 3862
5075 1024
228 8219
6711 565
9776 8790
1895 5707
5148 9032
2375 153
516 6842
6150 2204
4953 3947
4541 7607
5465 5658
8069 8222
528 998
6137 2505
3511 1021
4690 581
6996 6240
8458 9383
2190 1097
4726 3784
8402 9711
707 2837
4020 6752
1886 5188
4669 6136
597 2682
8455 205
6110 9115
741 4603
9675 1837
1152 7774
7770 8973
9869 9673
3367 2065
625 7078
4976 4401
6142 3578
8937 7281
5772 4360
6065 4690
2475 2597
3507 7307
6317 4942
8229 9132
8970 6957
3961 4825
4811 9663
3921 4934
3788 6272
8604 2277
9635 2051
1611 4883
6096 3178
5868 5743
9229 736
6189 8743
5899 2069
5259 4575
7223 7910
6444 3617
5306 4338
3870 5747
1111 8812
4944 8852
6765 1092
8655 9238
7566 4329
5559 4959
1433 918
3234 9169
3860 7000
6923 5710
2479 6999
9008 6574
6014 2032
9168 1178
9063 7677
1664 2584
6057 4191
8631 16
5095 2659
6365 1655
1473 9436
5689 5806
8750 7103
9210 233
4009 5620
5157 5617
8716 4049
4057 580
5073 7586
600 9070
7276 4056
3786 8554
2878 3101
2092 9355
3026 3888
7169 9027
4927 5133
4272 503
821 5574
4406 7203
8810 2183
9139 310
8303 1906
8552 7701
877 4973
1581 6795
646 3304
8835 6573
5796 4655
8518 1512
492 6267
8200 4483
2795 4299
5324 8857
3985 5108
9513 6471
9105 3886
7568 8062
29 758
8156 3757
6118 1017
3479 2647
1387 2420
245 2933
4895 9690
8902 8734
6015 971
8231 8946
2859 7140
5735 2896
7884 3968
3227 4157
8629 8923
6667 1360
1089 5812
1124 5046
1355 3916
9448 6887
3124 8827
297 5472
7487 6855
2797 3782
8771 9568
4804 1575
579 267
5158 280
8343 4188
5997 4658
8126 7929
4780 2199
8988 8067
9670 5767
5810 7902
4688 8427
5914 5436
2226 224
4915 6235
3034 7709
5469 1388
2624 2808
8528 9120
1040 9628
9382 2910
8798 1407
3307 8069
5092 4112
1630 5980
3201 925
3729 9266
4857 5849
4341 4729
9404 4802
4007 2741
1869 5075
5407 2157
51 3022
5895 6903
7650 2242
2227 674
9425 668
6882 1950
6752 4091
836 3593
5250 4260
4806 7750
9662 8425
817 1146
7938 3380
1662 9407
9391 6644
3866 8840
8112 7558
5426 6249
4400 1274
202 5777
6824 340
8694 3910
2122 8768
8378 8240
136 3387
7111 6796
1035 7102
605 1580
4367 1594
7379 9796
1656 3552
7414 5924
277 3276
2105 7589
2210 9271
5907 4047
402 3535
864 4569
287 4301
4537 2648
186 3681
3431 3827
7541 9893
9770 4196
8412 3609
4058 5129
4369 3364
8756 6630
7692 4436
6502 472
5353 1689
3158 3697
5099 1739
4749 3093
1385 4052
2565 3975
7584 2258
493 2024
9472 4101
2222 3792
4491 2581
90 9517
8908 6845
8724 307
6043 6447
61 9073
1710 1289
9318 1303
1266 3169
5727 1683
4860 4389
8693 4798
8399 9106
9528 5
5880 6966
3412 5623
4905 4576
8210 3718
5962 5784
292 566
2579 7524
3896 2698
6052 2997
4300 282
8791 6766
8169 2021
3553 5933
5169 1625
7719 4730
891 5704
8030 2241
660 517
2838 4585
4538 9819
973 8229
56 5059
809 1946
3911 4813
8781 2045
4316 5706
1196 1037
3582 7659
594 6427
8320 2784
4008 9865
4156 8600
1990 6896
4994 6090
1587 1754
4986 5852
8049 9180
641 4837
8240 8879
2763 5026
9419 2526
1959 2478
990 292
4410 9012
8307 6228
2960 2903
1920 5429
2843 4220
1323 2793
7982 6969
8710 3630
6210 3035
9309 9844
1283 3685
6063 6081
1321 9041
2425 665
411 686
5215 679
1357 2527
2431 7194
7037 7706
5405 7844
1113 5664
3987 1059
8183 7207
9462 8914
1056 7455
5820 1873
1195 3329
5982 1738
8039 96
14 5599
1843 7492
2403 5592
7137 2227
4953 7363
3499 2765
4080 7938
6678 3523
4948 4955
26 4618
9501 9461
6988 5547
3232 3042
9006 4705
6021 4202
3373 909
8033 843
6959 3864
2924 1091
5344 4249
4748 5114
6451 5402
2378 6828
6943 982
6938 3072
7371 1624
2353 9426
81 4914
8589 518
8502 6577
7589 8539
8763 2827
5782 2257
8160 3166
4778 4328
1925 1634
437 3990
8138 805
9530 9398
904 8815
7502 5892
8401 2706
9031 708
6638 342
991 6757
2629 3369
5562 2633
3809 6562
861 2164
8899 5762
2673 6027
4229 6836
3376 2642
7752 2132
9459 6305
8577 2819
5065 8171
9950 902
1350 781
5431 4632
4175 3410
5044 8257
3009 1430
4165 5031
2158 4132
236 3172
9284 6109
4171 6252
1074 481
5747 6946
3215 7967
5867 8025
2842 3519
2725 86
820 7351
2961 9078
1401 8000
918 5945
3632 8961
5720 6282
2523 555
4877 3019
7356 9792
5409 50
5052 5210
342 2018
4719 8298
4816 3521
6394 9104
9091 5921
7674 6278
5168 9719
37 2751
2895 938
3653 7717
8355 4027
1577 2867
9961 881
9708 8746
6800 8434
3450 2958
1620 7637
8964 743
9124 6740
2094 7959
460 696
5487 4993
4623 6183
4230 9622
620 4525
8028 9574
1227 4097
931 3479
5311 4486
7441 963
4605 2834
2301 5259
702 7812
4513 9506
6538 1928
5473 6755
6002 3289
8168 2117
2368 5786
7683 4731
7830 6149
1862 1429
2073 7877
1603 1120
5697 4879
6376 9639
3261 5655
5829 6199
6761 7394
4180 4340
2685 7945
9743 2810
9390 334
6981 9387
1672 3797
9337 1585
1991 7409
1248 6311
4712 3729
663 8830
4474 7297
9705 9595
4116 2061
1986 7845
4807 9737
8611 6733
6019 3377
9891 3332
787 599
7306 7360
8328 2845
5448 4233
4409 5675
2626 1891
7997 3654
3346 7535
3134 353
5926 7250
6674 623
5209 5170
9136 617
7019 40
4620 2319
7607 1955
5352 3760
180 4416
3805 5637
5502 6597
9589 1884
2482 6653
9226 1433
7385 2873
3211 405
6408 1305
7537 8059
4547 7025
5224 9144
1097 4352
8856 937
8113 1271
9353 649
3799 4297
6787 471
8114 4327
4676 5478
6863 7815
5475 9572
645 7137
6482 4844
7047 9045
8141 1451
5674 9236
2192 3319
9451 5944
5781 1361
2734 7547
5560 404
766 9354
6712 3725
4638 1057
8618 9594
6511 1474
3459 3376
4266 5719
8255 3142
1729 8381
3777 9303
8980 8004
2888 3045
8380 2915
3284 5300
3959 6200
9842 2519
4561 1222
2253 5386
1967 3846
3518 2279
4784 901
5700 1999
7289 7059
3577 4988
6915 2871
4329 2262
6028 4667
5067 8622
2480 8347
5876 9034
7707 934
610 6135
7030 6692
2358 4551
8351 9801
9988 3904
8948 9297
2621 4600
5316 1528
5367 8944
5919 868
3146 8329
6268 4784
4288 3495
8628 9171
8932 9016
2811 1116
2712 4095
2556 8729
8333 9309
8295 4661
6623 1280
223 1593
6522 2618
5775 1380
1817 9662
1092 1543
8823 570
3357 3317
9951 7133
5309 8380
177 1067
1087 5645
3296 5228
9541 2489
6989 7163
8128 9519
6323 8612
1163 5532
5644 6932
1629 8232
6702 8921
7156 5705
5693 8913
2738 3545
6461 1695
801 7699
5759 8066
8144 4701
4575 3263
1639 7383
2223 2004
7974 1565
2936 6065
7851 4326
7352 6995
7264 7913
2451 3689
5193 371
5879 196
772 4523
31 5865
5574 5080
7035 4989
5175 3921
9405 4144
2173 2612
2022 3340
6111 2266
3398 3511
9722 5464
514 9970
3509 5648
6263 6177
4577 9265
5566 1790
1911 6330
1119 2128
7302 7591
3278 8144
2521 3677
9417 5916
3637 4063
409 168
5542 6539
5676 9141
2311 4592
6201 593
8256 9272
4096 5462
4906 2355
5616 1033
2384 2292
339 1605
2374 5518
2636 6085
5331 5639
9153 6869
4808 1775
7533 4070
7664 4504
3368 8809
1179 54
9371 1448
5928 492
4578 1737
9598 6253
959 9154
4258 6881
253 1551
5629 5256
5994 582
6675 9025
1955 5172
1497 7542
9561 442
2512 8289
293 2271
6722 8166
1471 5956
5459 7926
3354 7277
2999 2946
9026 7401
1513 8565
4028 225
6737 9308
3239 1911
2327 8419
1036 4890
5511 7213
7600 9707
7345 5385
5558 2307
4176 1156
6950 1773
6715 6327
4438 1034
2087 1118
6999 8327
9274 5241
2944 2013
3167 9537
9475 9966
2880 4438
5270 6980
7045 9260
5406 5079
6003 1876
3288 3145
138 1514
6039 9103
7736 4009
8225 7381
7620 2073
4227 8237
9426 9770
5578 1524
5267 4777
9846 9279
4574 3984
2972 7179
7631 1205
2206 5964
2872 8459
2928 3342
4361 9997
1527 8557
9719 6553
6136 5560
9962 8773
7660 9113
8671 3656
2371 7603
1117 6066
7901 9254
5954 2314
258 5513
997 9832
6559 5537
3734 4696
2640 4536
6586 4936
8697 965
1048 4476
7290 479
1418 164
4392 5506
2830 4710
3116 780
5173 7671
5895 751
4985 4622
5596 556
6497 9359
4514 506
3523 5138
1486 5198
2567 8677
1681 7026
2729 4086
4938 5057
3916 915
1021 678
5181 3949
5293 9814
2278 2170
190 6778
7536 6254
1825 6864
4452 3890
8581 2015
9618 2480
3935 104
574 5421
1728 5977
9311 509
7663 279
3541 1662
9703 4508
7350 207
5145 1820
307 9318
3318 7978
7921 9664
6954 5730
41 1710
7083 378
2596 3158
2419 9948
410 5419
5758 272
3429 143
8660 9384
2851 5528
7529 5226
9169 8512
9531 7347
5930 2142
9764 9842
9155 1484
7960 359
677 1486
5236 3610
7754 89
1529 6960
2664 3371
7651 2172
7298 5202
7100 7337
4426 5468
7113 4226
9012 8091
7625 9759
3893 8106
225 5127
9129 7399
5843 7651
923 1428
1162 2847
4428 3498
4597 9455
1043 2213
5170 8553
8331 3834
8499 9532
3017 4646
5286 48
5125 2923
9597 9565
6875 6851
7839 4679
8097 8929
4743 9430
8433 9419
5588 3802
5462 7056
3816 1457
4883 8369
5329 5183
4036 7101
6555 8028
4161 2945
6126 1604
4851 5168
623 2697
2472 6739
2790 3238
8668 1225
2807 7472
4833 7421
9997 6229
1568 5060
6478 7617
1259 9950
6303 2135
1642 5302
8561 3395
5061 8083
3187 4467
9545 3852
9395 4010
7021 4527
5873 4809
6279 2704
4496 1150
200 2755
8242 3097
9471 6298
2547 6583
4831 4493
9033 7974
6465 8348
265 9217
5999 470
4357 1455
2276 4494
9439 9042
197 6654
6836 7422
8644 613
8332 5671
3226 3531
2938 8958
3950 1023
7785 5082
5567 3081
7065 2190
1211 2610
7606 4650
6018 754
3329 9143
3493 2729
4598 9478
1276 521
6907 3366
7848 6147
6533 3799
6213 229
8161 1148
2831 8234
7244 5047
3150 8643
9901 9199
3394 4312
5246 6368
5666 4096
6799 7792
2915 8162
5422 6270
4904 1441
4259 7644
1382 590
588 7693
6977 3779
427 8816
1419 8566
4379 4945
3081 7909
4901 635
9170 4593
5072 2479
7299 2377
3671 9921
8935 8133
4117 9777
3510 2866
4102 9590
5029 2149
7838 9687
8267 2243
5032 5308
8052 6230
1607 1249
9102 3374
518 3579
7351 7977
4957 6269
1143 1416
6308 1210
5366 6520
7978 4045
9931 11
4671 4361
7425 9449
6446 8255
9470 8367
289 9982
8696 885
7014 9331
9733 5856
9437 4850
9125 6490
3424 4288
2573 641
4418 7582
5260 5197
8266 3048
7661 1813
4951 2572
5764 7530
7893 8598
5339 6150
2827 9339
3855 9940
851 3660
7460 4489
4315 5309
6358 5454
1848 7329
3821 7487
9117 430
2459 3951
5446 3452
4926 1995
2520 7785
9001 7679
9972 6545
128 3271
5167 9758
8108 4232
1086 2459
8468 7731
8827 5158
1372 7370
4166 5118
5892 2888
8923 1542
8071 5425
2663 3096
7948 9602
7930 5794
5401 2011
8360 1849
9575 7206
8271 8297
7160 825
5479 3744
6085 2965
9559 2927
4692 1952
1212 8114
1481 2407
6399 3358
4336 2053
7424 4475
2254 5676
2655 1713
8859 7089
6481 4522
8323 3577
1943 6480
8253 3161
4476 634
7119 2184
5116 9798
9264 246
3263 8783
4970 5219
6106 7680
1103 4454
8615 9140
3384 5316
9506 3487
6594 558
7947 4754
8371 8354
6908 1307
6274 8779
5905 2969
7626 8627
6373 6538
1942 1444
1058 8556
5978 1847
6850 2992
8807 8332
7991 5837
6438 8708
5297 5405
1870 7424
4094 1344
3308 4218
8787 12
1626 1101
8325 4256
7910 1844
5625 1445
3049 8581
1239 5716
4326 4174
5243 5612
6867 5922
8555 1701
4194 7809
2005 9725
5082 4561
6658 4280
9233 8511
4053 6295
2775 304
1588 3114
8576 698
58 3157
6796 6500
1408 3141
5328 4410
4103 8991
5218 5324
2508 9424
7608 838
2933 5508
4635 7150
5403 8570
5774 2296
3322 6354
2088 7736
5424 7306
1708 1041
7117 3598
7523 2600
7819 4872
526 6220
9636 2626
1404 6524
9895 9803
8885 5619
8758 9107
9779 5503
2498 5240
8125 1877
1970 860
934 1385
732 2161
6813 8501
7619 4050
1320 935
5716 1700
4907 9812
7994 763
6643 5840
6307 7097
3286 6120
7164 800
1703 4681
5885 3721
5404 5594
6903 9444
8623 324
5485 3253
8726 2512
3692 71
221 7560
1775 2528
5866 434
3539 3819
6986 4776
8526 8531
2894 7326
5105 8582
3571 5444
5679 126
2818 5954
8879 9079
5113 8082
3732 6213
4596 3772
6689 9886
1675 919
4392 9670
8115 9090
9433 4396
4522 3378
6707 4094
1810 5499
743 4572
7429 1794
5857 6933
5662 984
6410 3587
1484 8461
5445 4156
462 5722
3679 186
3731 375
142 540
8566 9652
557 443
5007 5124
7621 3423
1982 1951
1780 8728
1500 9979
3867 3945
9728 5369
8877 3848
8784 9203
9265 819
8821 2334
659 9064
4269 1545
5827 2639
7574 3370
2104 957
3741 8164
273 666
7539 1900
3762 3602
7482 8702
9695 9483
8846 8140
4167 662
547 5859
83 2079
7062 9857
8398 3414
2896 5126
8884 4897
8728 204
9548 6730
8664 1084
9361 2840
9401 5287
6627 4814
6159 931
4812 5153
3489 3270
4661 5733
4989 7234
4285 3165
8995 8701
8767 1227
4425 2720
2905 5370
8037 6901
5657 609
451 3698
3789 2675
714 6790
4803 5905
4273 1879
1977 396
4730 3215
4477 4962
8678 6963
1319 1199
7147 4254
4345 3770
2377 4244
3485 916
5398 2391
9018 6438
1373 4668
658 8964
511 2629
3101 6880
7060 5070
7715 5469
5681 9166
9959 9273
6375 7091
1072 9178
3433 2352
4602 9081
9199 7818
6508 4496
3592 6038
1491 9163
1746 8248
6777 4539
118 5283
157 1109
9484 346
8706 4700
8590 1560
465 4403
5047 5972
4658 7662
8891 5073
8882 3174
114 8846
1322 3488
8740 5311
6769 1106
9452 4492
470 1578
5612 9692
8419 6844
6686 7797
1101 893
728 8308
5035 3574
8549 6193
5245 454
8633 7036
5870 5492
7573 4548
7745 1020
945 683
3075 5836
3827 9250
2742 9891
8379 6089
3565 653
2165 3525
4822 453
1370 4199
4606 2852
21 7561
1987 6819
6352 4381
3020 9220
6286 9156
8190 1310
1147 6566
7965 4894
3981 8490
941 5223
8421 9978
7212 6017
4253 133
399 3869
4984 3232
3975 5988
4195 958
535 6369
734 7336
3006 3694
2643 3767
8703 8787
5102 7697
8707 695
8924 4821
6218 3020
3739 831
3685 4791
3135 3906
8818 1936
1026 9003
7076 8678
6196 5227
4075 903
2155 7313
2984 47
4527 5136
2659 3034
4978 8711
8434 6221
4420 5841
1542 5380
9175 6557
8520 5688
2283 8791
5821 5095
5809 3771
3747 7687
5190 6184
950 9526
1890 9563
4017 8466
2469 4617
2324 706
609 7187
6486 2575
4347 501
3139 2816
8910 8096
7175 137
3711 5903
3362 1069
7645 6108
7941 551
8822 1003
2622 135
1853 5783
8559 9509
9620 7829
8024 7373
631 5261
9322 9829
965 993
993 6797
4142 832
6720 3291
5916 5558
692 3640
3065 5862
4002 108
5539 4450
5655 4310
7594 5418
1030 7821
1572 3875
7895 3800
1302 9735
9020 8689
8059 3256
1450 991
3973 6669
7189 6979
9599 5744
6926 8669
2034 1944
1449 5604
3557 8204
4683 3143
5097 1135
2075 3067
7154 9181
7310 2219
1057 2410
6946 3233
4519 2988
7237 8956
5912 9862
8848 2752
7825 2630
9809 3011
6440 4612
9499 2331
2917 2372
7360 8679
9980 6772
6296 8603
4239 3246
4386 6541
750 4921
4389 9577
3160 882
6415 4662
6832 1440
1047 300
5730 3098
6698 1508
3291 9050
231 1626
6384 8137
1351 2553
8461 7095
5552 5656
2242 5408
33 7816
8487 8522
3707 4089
2744 269
1020 6061
4115 220
630 735
2198 2916
4424 3124
9203 5063
996 6523
810 1224
229 9847
4068 2025
7348 1676
9723 907
7740 7417
9293 8714
5057 5434
898 7579
2162 3083
5149 296
6117 4072
9122 1485
8765 684
3063 9007
3310 6838
9748 6528
3247 2099
5835 7519
9798 4452
8530 6429
5266 8236
6081 290
2140 6058
9815 3242
7191 2858
154 8524
9132 2232
8120 3822
2990 961
6040 632
8536 1323
2854 5162
994 557
4004 5211
6116 8996
6848 7922
7101 9484
9788 8647
2164 4580
8416 6564
3765 7165
5490 8093
5043 3363
4168 5605
3639 6234
8090 4666
2566 7594
2093 747
313 7221
6535 9390
4824 9102
8305 3582
9659 9527
712 8706
9198 4170
737 8220
580 690
1507 4002
3889 1933
7833 8320
6766 2466
5555 1198
7793 8654
6515 7806
675 899
9103 8009
477 887
8170 4346
9958 5461
5248 8733
2825 7507
4612 7958
3923 1279
6972 1926
1778 8818
2973 6637
8227 7084
1544 9645
6442 3064
7747 4753
7976 4400
9081 4208
7494 4138
6172 5427
5537 4516
2756 1007
7207 7849
1800 8202
2107 8371
9799 7463
6315 8325
1894 8477
3173 5703
7787 7304
6679 5362
578 7803
9837 5725
4018 927
4049 7901
4252 1306
5957 1466
5976 8177
8816 1571
4835 5989
4507 6496
9642 5225
7738 8483
6889 3780
2211 8638
2857 8977
7924 7705
153 7302
6724 8172
365 1702
5579 8421
1769 2388
7520 8157
2881 6839
7146 5673
7026 7480
282 5249
8010 1403
9527 1313
3423 7505
288 1866
9763 9394
4277 6890
5392 6870
9537 6352
7198 5889
2809 8479
873 1987
7162 2972
6179 7167
1304 8666
8263 999
3131 3713
8679 5793
3721 1796
3270 326
1100 6173
6125 5281
7561 2343
5604 7218
7372 549
370 5491
1180 5348
561 9428
2619 981
1118 4349
8560 9658
9127 4135
9244 249
9328 5771
166 2913
8440 3705
3441 6922
1677 2223
3640 7041
2923 9112
8657 9771
3436 5904
9942 9330
6457 6251
7726 5600
1224 31
637 4146
6746 8401
4027 4718
2866 136
7011 7062
5127 1099
2488 9963
7511 6577
9717 4317
7421 3595
8490 8398
3269 2771
1509 8135
1811 1196
8109 9564
8606 1909
8342 2411
298 5815
135 3758
4078 99
2239 2809
6783 2747
3452 8187
5893 3433
3930 9851
2495 5549
1540 6899
4702 9558
8035 5519
4405 5103
7411 8107
5345 7995
5721 3581
1881 1265
2828 6711
5769 7007
8713 5111
1558 3559
2696 5456
3064 926
68 9459
6757 8822
5263 9764
5544 1058
5598 480
2745 1599
875 497
1701 3417
3401 6501
8804 8194
6108 2348
6250 1871
6305 7072
2863 644
5959 767
4517 6401
8087 5395
3658 2796
9658 7514
8620 3269
3426 2937
2548 3993
468 4722
735 9255
589 8814
2820 7061
9839 857
8876 8030
3883 6348
7095 7152
3633 2022
6278 6169
9257 7781
6119 2564
9098 2624
1914 4904
510 2861
5161 8300
7138 1973
5135 1526
5033 9200
6593 2102
1050 2236
2250 3976
786 1914
5620 1523
651 8212
7864 2371
1653 2502
8489 8963
9111 72
3574 8208
9150 6485
2758 7249
2490 7119
4396 3732
1226 5948
5420 4203
7474 6113
7024 9110
2243 5251
1374 6913
309 49
4740 76
5147 1268
3872 8961
5185 9761
686 6232
2330 2404
8599 669
859 6679
4440 4919
3358 1696
7042 4750
1096 6029
9384 2373
4322 8063
718 9448
8449 419
5275 114
889 3354
520 32
4962 714
6312 6611
9457 6575
8251 8813
165 1534
1275 8076
9230 4219
5358 3576
3171 5397
6899 9534
1930 1658
4653 5042
2561 8389
2865 4270
269 9686
2024 4158
3913 6808
6493 7115
4404 2445
1650 6888
6579 2113
8174 9201
388 1740
2060 2763
7526 2151
6239 9896
131 8592
7339 7164
1114 8394
691 829
3629 7086
8751 7789
9440 990
1160 1345
8766 7032
5152 1533
8424 1248
9558 4811
1245 5175
4518 2353
4493 4380
80 8954
9312 5910
3536 5822
3792 452
1605 1030
9243 2833
5580 8149
1884 2688
8464 2424
6141 2481
3396 5351
9182 8482
8101 5666
7261 1390
3366 6005
9697 5577
6048 1071
8786 1500
8788 6606
4417 979
4775 6697
6617 5770
9689 4162
9731 3671
5077 5065
3752 9194
6669 7083
2585 9597
9252 4692
7820 6968
4971 7893
7209 7154
1573 2273
8180 5174
3891 8606
9085 6731
9814 3712
3656 8094
6429 7629
7815 5120
6143 7425
8444 8836
7744 7303
7349 4004
6550 5141
9751 5272
7868 5976
9778 7453
5922 4671
893 1074
5960 8467
3355 7724
4614 5810
458 5796
5142 9708
3609 9011
9338 3700
9843 1552
6699 6248
5493 5173
5936 6945
9738 3863
3590 9381
3089 956
4088 9874
9824 7423
8796 8825
3673 2821
9080 1679
9302 5194
907 890
7720 7478
8023 107
5295 3607
6405 2434
4747 2616
4495 5714
2141 8951
9600 4616
5326 6540
8284 4608
4573 1613
8067 5010
5718 4190
2194 2785
4729 9932
9141 7552
8659 2392
1411 8662
638 1325
6845 3247
1510 1434
8630 7129
7121 3580
9718 1220
7214 1801
6844 462
6598 2297
4429 8726
9947 5991
7516 3838
6441 1068
4565 3002
211 4500
4331 9083
5859 9900
4121 3346
3360 4282
1530 9609
4146 5953
979 7412
1292 5012
4144 4558
7444 3100
2256 9678
2743 7404
5525 2680
3153 5866
240 8402
8414 221
7092 5204
2847 9114
9948 1292
2437 2938
7653 6473
3179 10
5107 5160
5060 837
7783 670
8845 4159
3397 823
2128 8201
6050 3353
3496 4783
6551 8601
251 9456
1598 4378
6029 3532
1669 7700
2656 9040
2819 3719
2569 8640
1687 9667
356 2026
551 8698
7690 344
2964 1942
6322 3392
5913 9644
8027 6525
7937 8410
5841 897
148 655
4935 2522
513 276
1172 4121
7393 5332
7144 4911
3361 2999
3216 8031
4439 8659
2015 7292
1578 7625
9212 4949
642 3924
5045 1590
9619 2306
6397 7752
6075 3709
1935 845
2445 9788
2900 1035
9276 9591
583 4307
5988 4279
5129 5643
5819 8044
5342 9105
4539 499
9421 3445
4446 6316
7656 6943
7750 2335
1699 5642
3684 2595
4773 9946
4940 1321
6077 7531
1159 5530
7540 1850
9848 1917
2889 8079
2086 8984
4554 3139
8335 2932
1145 5453
3492 3914
3277 7808
5651 6047
8512 8171
8596 3469
4654 9183
5208 6019
1695 7942
8492 4030
7931 1189
9661 6764
8819 3966
2010 8563
6387 7965
5013 6362
6309 1408
6565 4431
6703 7145
6483 8263
2631 5702
5844 2843
9278 4039
3556 2977
8543 7330
5790 2583
7438 6783
9205 3352
704 8084
5768 8388
8403 7177
5447 6390
3761 1832
9918 573
9370 6475
4413 2269
7863 1468
5724 2205
2067 7866
8299 4098
9857 2562
4753 4044
567 7831
2816 9198
1827 8688
9458 7732
405 1350
3835 3243
133 1774
5519 1569
6687 9808
8344 9366
882 217
3543 2001
77 2782
6993 5159
8453 2110
4079 9793
780 6210
9313 8982
7340 7570
7513 1009
9052 5280
1917 6554
1576 691
2137 7368
7488 2803
5003 1729
8626 4674
8979 1207
3676 5816
8892 4742
2704 1968
5536 951
2338 2046
4958 1863
8413 7054
9993 222
3917 4734
6409 4755
438 1881
3185 5208
726 6534
4120 6353
9331 9619
2576 3014
6815 879
2852 4013
5203 5015
2542 3529
7834 4468
9682 6196
3446 6035
9968 3897
2873 1202
1546 8295
6879 1194
9189 7038
3665 7068
7582 750
9321 257
7301 2106
4790 8080
8636 7498
5334 968
3169 9409
5008 3551
9823 2057
9505 7366
3864 422
7693 4652
3285 4822
3730 3403
8184 4712
5883 2942
8292 5401
4423 4309
9922 5553
4859 3091
2063 2508
1060 7339
337 3775
1575 5524
4029 3789
5110 7661
8248 6087
8800 9994
972 5912
8523 7211
6290 5267
6878 9705
9224 9371
2471 8532
1783 9669
3084 5635
3438 4510
4472 6397
5299 4373
8553 6474
560 5890
7689 3223
8904 9679
3385 8374
230 6414
4625 2330
9317 9866
2059 1657
845 8408
800 6124
7475 2248
9178 6989
9304 7255
5229 3400
5256 9653
5538 8254
9354 8493
130 2376
7008 1161
7362 3909
6311 4253
5325 8886
4466 4471
9803 1888
8795 9952
7862 872
6628 6000
4350 4727
354 3187
2507 9244
6032 2994
4687 9276
4754 7355
3757 9465
7899 409
590 7263
4788 4835
7187 2145
7123 6340
9174 1308
548 68
4314 3060
4634 9323
1574 9190
3154 4628
3127 4958
5638 3154
947 4189
739 756
501 9854
7667 498
4678 1596
317 7692
709 408
9867 7972
9143 427
8743 478
8207 7567
97 9744
1381 459
6887 6720
4185 9776
3796 9556
6485 1792
3422 1366
3569 1600
213 9099
5521 1574
3504 5027
2382 6134
1796 891
232 844
1864 1697
1863 4956
6782 1815
7772 2274
1636 888
1776 9364
5074 8652
3662 142
9296 9601
6754 1771
2946 8340
8076 7034
9399 4173
9124 9945
9608 962
857 1894
6261 5981
8104 5776
7616 2862
6891 4975
6574 1617
4170 2167
1293 6821
3140 8616
5486 82
263 7956
2722 5681
8041 932
9042 4912
4681 4785
7205 4922
995 4660
987 4499
7880 6297
602 6188
1766 1237
4675 1362
974 8418
3580 7379
9794 568
3119 6905
2417 9942
5153 5041
1403 3503
7068 7227
2396 4092
4218 9965
7343 8160
8805 5325
104 3728
2530 5818
5535 2094
9217 391
1022 9209
7647 8608
9849 7906
8196 3411
93 846
9022 5908
4014 9836
706 1843
615 1811
2599 5826
6583 8037
2334 7955
2691 7939
5683 7196
9978 9479
2432 8108
4354 4255
5265 6935
1905 1650
9291 2216
2000 13
4257 8452
8075 6879
568 5928
419 4284
1318 4543
2980 4390
7956 8104
3583 9831
3610 2802
2470 8868
9094 6333
9908 4216
1844 1903
6369 5432
54 5578
8597 4034
2620 2696
496 7006
3613 6357
3702 79
9587 4735
2366 3331
8050 170
8047 3173
6731 5901
3814 98
7717 4810
9647 5215
2510 8478
4337 9684
4484 9493
8774 5608
4630 5739
2513 2317
7888 7728
9754 4037
5221 1822
915 4456
2909 7847
8897 3533
701 231
8155 970
5901 2794
7054 3490
1267 6509
3672 4909
9435 3163
9721 4823
5432 6107
3775 1449
5618 2245
9062 428
4998 9137
7284 5368
3979 4898
7079 403
1006 6070
6677 6052
7466 3926
1756 9813
7546 9288
3099 2290
57 3714
8547 5661
5186 8134
8983 7113
9142 9274
7260 2714
2270 630
171 322
6374 8404
4733 5880
5861 2640
4706 8457
7354 685
3460 2179
5388 7660
9964 3399
5806 1743
9989 2412
8427 7044
4521 9145
1303 2580
2016 3150
2294 1465
9294 8
9434 1252
4660 4214
6008 9795
4310 5753
689 9164
6762 6991
9376 4885
5191 131
7044 2416
6294 1957
4473 9242
872 3855
8146 9257
6928 3118
8702 9675
8220 1173
4922 4582
6377 6385
2934 7943
2429 163
8318 6355
2975 5154
7934 2058
7900 2650
210 1659
1233 6324
3572 401
8053 4963
9186 1809
3677 2929
1749 4204
7765 4639
4368 7689
9016 3676
7769 4155
7811 8520
9992 6617
9196 175
4209 3330
6203 4964
3723 2627
9482 3168
3256 8345
323 7452
6714 1204
8748 1746
4232 728
2812 4613
3004 7248
8942 6942
1879 1763
5798 3259
9630 4140
4122 8718
3920 3388
71 3696
5839 5966
9290 273
9925 7583
9519 7296
8477 6779
8381 7172
2903 7777
8209 9356
8719 9635
3958 5711
2630 2744
1750 3983
1365 744
5603 4611
1993 8562
2617 8803
6004 5482
3344 9457
1816 9221
6896 9924
1489 1959
5323 6510
6367 9701
8122 75
7889 6037
8634 4123
7829 1758
8754 4506
862 2380
3544 8420
5025 3432
3579 651
224 8804
3136 8769
8708 7964
9126 2195
8672 5918
6122 9559
4188 6567
1585 4728
9319 9508
6821 6875
922 969
8441 1827
2891 8626
2590 1234
2730 8170
1543 6771
785 841
2752 9134
4263 3461
9671 8736
515 3583
6549 6391
4771 3911
9985 9365
6452 2727
7009 451
3804 5684
3949 9938
9109 483
2112 8191
5532 9767
9298 4990
5785 3858
7943 6024
3001 1357
3356 3202
6076 1656
5438 8180
5370 5950
7496 8415
798 8027
3456 4913
7812 5322
8321 7655
2695 1152
7906 1022
7877 3882
629 6494
6828 6652
2428 9432
390 1597
710 4875
473 1158
4416 7918
1839 4859
7452 834
2454 8871
3238 8262
9773 1447
5847 4687
3490 894
9398 2872
4919 183
3598 9672
5639 3571
2594 1087
3279 6322
7248 2967
5600 8513
7801 6214
341 3970
2658 8095
1899 3013
5252 7758
3756 1418
4897 6426
9910 9638
3508 174
1841 5034
4564 9721
7053 924
9821 1782
3927 8362
163 1568
8062 2814
7954 6607
9606 4402
2460 2175
6886 6434
562 6370
7133 3754
2457 4501
4497 9230
5051 5435
7859 3842
5987 8411
4899 4194
4281 7282
170 2387
5712 6728
1265 8215
7041 1413
6580 4971
9983 2191
4873 2707
6807 6078
3133 5543
285 2787
7332 9248
3516 6917
6016 3424
1632 2233
9769 6023
1107 8720
2602 7805
5632 9646
3245 4130
532 4584
8988 2465
7188 2320
690 6488
7733 1328
2443 5827
9877 3200
5005 3872
4618 6069
1561 4230
9483 8430
8099 3739
2302 3928
9038 5986
2672 7285
6458 8611
550 657
2739 6601
4366 7770
239 5663
2571 5008
8363 3250
49 912
4992 7600
888 3740
8930 9573
8855 241
6199 9969
671 3550
4861 8211
3218 5654
778 2159
6480 6618
4364 2267
6904 5891
9208 889
2118 9516
7173 9021
7235 774
3115 8047
2731 5955
3157 2077
667 3645
9267 4463
105 1638
6114 1675
4200 4664
6642 93
6621 7881
6871 5909
6200 2006
9990 6002
2733 3033
6095 4544
3659 1954
8665 5885
3301 4137
7926 9004
4434 1886
7972 6098
4657 6181
8481 5534
15 1223
5081 7991
9493 5708
1644 1174
9710 1047
9288 1699
6084 7984
4401 5446
7010 2920
7399 4816
4589 1000
2043 6937
9218 63
6812 2286
5394 3316
7218 6824
103 6665
6596 3254
5550 3302
2559 1070
2783 3856
2861 7183
4247 1095
2705 8391
585 2953
1978 3148
2968 7323
7552 6664
6600 3075
8783 9261
7870 6284
1904 7780
653 313
7415 5037
3389 740
4022 1297
2592 1270
5241 1515
220 8435
1880 6891
1406 7934
6127 9909
9345 1539
7027 4444
8867 2206
4794 8782
7955 4240
1120 8663
6454 5005
2591 8125
1926 6413
6649 1610
8346 6332
8121 9972
3272 5145
5050 5329
9149 7819
9917 102
5338 156
6847 2637
2316 4819
6894 1062
8137 7605
72 6012
5792 1019
1865 9671
7768 7880
4077 1777
8148 2530
720 2826
1908 8898
4975 3069
338 6928
8880 9313
6071 8496
4304 7403
5623 9343
8428 5670
5731 6765
711 913
4647 8064
7799 2332
4708 6825
6941 3307
18 5346
1685 6055
7038 3646
7022 4023
5382 6689
4727 6027
7294 2718
9859 9192
412 3821
8272 5689
8975 3638
5371 6587
1838 3426
3928 8146
4823 1529
5808 6212
4580 3214
8068 2668
5921 3221
7282 5475
3427 2607
5576 5389
4494 5995
9273 3255
3408 4498
3611 2499
2080 8550
8202 2587
526 3137
1770 4356
5908 604
4086 6951
7977 699
5834 8101
2220 6526
2633 542
4991 508
4163 8908
747 4778
476 7590
2641 4115
3742 9361
4233 7548
5078 777
6244 438
3812 6741
760 8383
7333 6104
4001 6915
6767 355
5823 3868
7174 8594
1099 1450
4686 2359
7032 6929
4703 3536
3670 7123
3971 6589
7615 1004
6906 1922
5822 7273
2651 1029
4461 4659
4011 701
3058 3212
4832 5190
542 2722
8349 3185
2993 9754
4852 7082
1631 9631
2402 7482
6545 2446
7355 7962
5845 3564
9898 1899
9578 2471
9418 6499
1760 4596
7397 3944
7973 6560
1229 1645
6353 1698
9037 9860
3266 1061
5026 2882
6194 2777
6884 5200
4774 2855
8350 7002
3607 4412
7130 308
7172 7096
1521 8465
6176 3155
3027 7233
3994 4485
9520 2853
2259 5987
357 539
2541 6386
4038 6338
9096 6291
5864 1586
3842 1296
7701 1818
554 270
1376 9811
9445 4114
2071 2469
1174 364
1013 5951
6920 397
2912 2745
3720 5193
6592 3324
3282 3876
8139 9118
2671 8116
3280 351
7550 2390
6804 9447
9758 9513
8247 1750
274 5548
2468 6030
5645 2413
8565 490
3612 4906
699 7235
8506 2044
3200 3156
9279 2914
373 6394
2269 1183
5402 5305
865 3318
8510 6732
6758 2492
8293 8338
2184 124
252 7288
1306 5613
8065 2211
7195 8058
7184 794
9130 2158
5571 9476
2144 7397
5692 8070
5996 56
3635 7442
552 1582
1975 9576
1166 9333
7531 6009
8486 9312
628 7852
8938 8403
5476 2815
3324 139
2124 3524
8943 8619
3668 715
8837 4677
2346 5134
5858 252
9913 288
4054 1842
1029 9263
7163 7834
1004 869
9906 8075
7734 1919
6490 4505
3940 2506
5001 8426
8588 671
9429 1791
9504 1691
2491 1051
1249 6092
2364 3527
4551 7912
4228 4426
7247 9184
9538 757
4237 2083
1359 2954
375 8185
8927 6132
6390 1241
8770 5337
1849 1398
7506 8274
870 6457
2503 6165
6809 6925
6659 3845
6603 7611
4931 8012
1711 8453
2528 8585
3846 6167
4024 6823
5882 2293
6180 5561
6608 1880
3884 5509
9586 148
6494 2276
598 513
4651 3900
2761 4306
9283 9598
566 7042
1222 9036
1341 2780
759 4978
8246 1139
2871 487
1871 4759
8830 5585
8310 2070
362 4243
7684 7278
868 2731
5634 6498
3974 8050
3114 663
4830 37
3503 8267
2840 4948
9408 9704
73 9826
971 1352
2613 6028
5000 2926
7135 500
8779 4257
7751 5920
4216 9562
8905 7786
2635 5571
1678 6015
6168 2430
7265 1664
4256 8517
9582 1685
6255 9487
1168 7504
4813 411
2398 7465
1744 2210
8094 3135
3311 5264
1906 775
2700 5394
5347 7982
4626 5137
9932 5929
9443 6694
436 1536
9402 3328
7464 5000
6527 2991
1885 3958
695 4106
3457 9805
2519 6775
5466 6735
5312 9000
5419 7260
1790 9922
4910 637
6964 6668
8330 8294
174 6236
7455 3925
5053 782
3028 1672
7670 6959
4470 8935
9999 3616
7457 2644
1738 6056
6516 9440
2245 2114
4356 2104
140 8423
6626 504
8825 9075
5174 8880
7231 4014
1523 6372
8265 7546
2415 4192
5854 8534
1845 7670
8893 9514
4441 1036
5793 7703
505 6186
4063 7484
3690 7415
1076 5595
2736 569
389 1611
3674 6527
2387 1868
7394 627
7950 5680
3178 3730
4478 2393
4358 7469
5706 9580
4069 1374
3683 2748
6254 8893
9957 1823
9862 8416
7259 3498
7996 5979
1660 7354
761 2586
7602 7168
4875 130
4718 1778
5122 429
9228 1517
7204 8197
6978 7217
8245 8189
2935 8474
5635 6116
6197 1353
5746 5203
595 6359
8288 5109
8179 8786
4961 341
328 9262
5980 1506
2383 6996
9054 8993
1772 866
7614 2660
457 8537
3369 20
8214 1780
5076 5107
7577 8090
6038 5490
9314 7715
2343 2541
7817 9579
6046 159
9984 6238
9184 7444
830 3873
7193 9906
4724 1442
4929 7554
8503 6389
5761 7294
471 5847
1115 2487
9963 8276
9213 3456
7336 3338
3129 4570
5713 5221
1274 1438
4576 7402
423 9840
3055 4259
7202 4828
4789 3425
2109 1765
7255 4745
8658 6166
2568 9566
4492 1806
1616 6873
1194 2921
3593 4347
3393 1647
9896 9243
2546 1184
3022 9901
2089 5898
2433 1351
9580 7228
173 3465
6207 8489
5650 7157
745 9066
4937 7020
3833 3684
8081 7684
932 1209
2017 5043
5938 8462
2931 8800
2367 6180
4371 4502
1075 6242
8182 1644
8203 169
8315 6852
3525 2118
570 1519
5440 6936
7272 8324
8239 3073
407 9259
7636 211
1138 2225
4132 9227
2551 4968
3951 9507
5983 4812
6385 9369
4224 8341
3587 9304
9712 5066
9093 4937
988 9908
3859 6992
624 9450
7756 5050
2401 2736
7665 7109
3932 8147
1116 3931
7273 1154
4997 7385
1054 2031
7341 4207
1141 5143
111 9987
1112 7681
2230 5297
5869 9905
3877 806
8364 9600
6348 6762
4801 2139
5675 7685
5022 7462
9811 6815
6755 2256
6791 5213
6140 3547
9593 7851
8967 3839
9046 9062
4592 1668
1861 9413
9800 1883
7436 9158
1718 2645
1218 7779
7220 3390
4390 9738
4776 4594
6614 4018
2901 9648
9454 1912
4059 4321
8735 4843
4960 2171
5418 5515
3370 5959
353 5504
7905 5458
8797 2303
422 2333
4774 7365
4787 8890
7097 7388
8287 343
9467 1436
1928 4185
3847 5201
9889 3182
4418 74
1161 1459
7463 7449
4836 1927
5355 9229
126 3441
9056 4780
9991 390
1093 1231
8044 9850
9753 386
538 9231
5698 6006
4768 1637
9422 5899
6158 5265
3992 5106
4298 8373
2553 8508
3736 7791
4595 9275
850 303
7105 4678
3828 4131
1219 5697
3528 7396
7681 4358
2991 4509
5086 9525
9792 1382
905 3459
7737 9382
3069 8302
2855 7210
4 9651
3768 3755
5615 2042
3976 5068
3078 7461
8136 7952
1833 150
9870 5029
2026 1588
3033 7318
4963 9039
4421 9085
3661 7810
1485 5962
2777 8210
9529 2200
9135 9379
9828 8623
8051 7667
9403 392
3703 4619
4949 2601
5830 9317
9097 5727
1032 4291
3709 6833
9736 7508
5381 1893
2850 3226
6597 4069
9185 2854
6849 251
120 3404
4828 5510
1508 1063
3879 9291
2644 6082
1247 9542
9488 8850
3011 5833
5943 6759
8211 8139
5684 9063
9928 9010
5637 6241
7872 1111
9885 9159
5664 545
2229 7837
9735 3902
1571 167
9818 4683
5257 5985
5011 7376
7483 9613
4540 5294
2884 1432
2323 2440
2942 6440
9879 7182
1698 5576
9882 816
6167 5038
7367 7486
9055 664
6242 7848
4021 1915
246 1770
1813 3240
4720 628
2065 3936
7082 7566
8447 95
6528 6973
4332 5651
1498 9706
4061 7464
2263 55
9941 5426
4557 202
1980 7766
102 6776
1421 3715
2689 8642
6020 4529
8254 9368
9362 3843
4046 2709
8500 7712
2971 3665
7002 6721
8484 4241
1896 2962
6459 2671
3332 6088
3295 7436
5641 1940
406 5894
8621 5110
2686 9425
5231 7994
5894 3189
9432 7111
5517 1828
3378 3996
4003 4474
7314 7232
4249 4433
5875 3029
4956 1717
8828 4902
1140 1576
7598 8574
6472 2168
7928 6396
1241 5248
4140 7528
6013 7406
272 7646
1972 6986
9258 9827
4649 6171
9729 9615
3552 3871
4327 7796
8966 7457
7778 8015
1815 6850
1617 8056
4254 3554
3939 1136
3722 1392
2628 9968
2810 2869
2887 1834
6749 4827
7713 7030
2849 8446
8842 2214
3335 6769
911 165
3620 673
4530 4757
7151 6131
8280 8519
6520 7088
5491 640
6202 265
7724 4604
9227 7602
7810 2799
3802 3672
6695 9482
1110 8118
9566 3367
5593 1317
9767 3807
1860 250
5317 3735
4756 2154
7967 5746
2525 5754
9536 4088
5948 8750
8092 3087
5998 8559
6932 5485
8896 347
1594 839
7725 755
1253 4149
6222 4763
502 4318
8282 1826
2357 3017
8082 9077
6798 9799
8533 2217
6663 7825
7687 2086
9017 350
5984 7887
6784 7971
3618 8648
4972 298
6670 4000
917 9202
6147 8530
1331 8796
9852 7153
5464 5352
8117 1384
819 908
3444 1513
9378 808
1932 603
2011 5551
1758 5657
6785 8469
2453 5983
5756 7361
1390 7925
7337 9326
7381 3785
8098 4625
3955 4554
6921 1852
32 7065
2262 6258
9920 5083
3170 8699
7305 2728
7373 7333
39 6048
7696 5609
7420 4472
1866 4051
5219 9560
986 2779
6256 7711
6858 2758
6089 6431
1537 2987
1503 1669
9406 9640
6474 9087
440 9703
4214 8311
9449 9191
3853 4858
4128 2955
4549 9995
1371 1620
8928 7516
5156 2719
3909 8877
3706 6805
4682 4445
1384 9643
8782 6118
9909 6814
8593 2897
5273 2899
7731 3357
3476 6578
6688 3778
5811 6039
8641 5445
2538 2524
3534 3428
5509 1829
1451 7631
4594 7132
7627 2672
5062 1213
6291 8196
403 1276
9005 1176
3374 9301
380 4143
187 2783
8149 9319
3618 6225
7779 14
9573 7722
6750 2059
9681 2546
6024 6804
618 3448
1893 3420
2201 8271
2180 3382
38 3992
3566 9363
1445 7773
9588 4365
3515 8417
8301 6863
3448 366
4503 2120
8249 7037
149 2820
8022 5683
2983 6737
1951 3057
6951 3546
6214 8911
7078 6383
2406 2475
8386 7556
6185 6093
3102 5131
5183 8785
5838 7432
4791 5741
871 4453
8833 8492
6974 358
2129 7256
5071 8949
1981 1201
7322 4111
6759 778
2580 9315
1624 3745
1377 9386
7296 7073
7292 4074
8235 9306
3919 2582
7490 9128
5396 6786
1010 2323
5846 36
2709 5602
6074 203
8450 2366
2248 5653
7185 5306
2947 493
7392 9044
8009 1747
9156 3379
2676 223
1364 2619
8000 7253
3519 9863
1947 4440
1707 3303
719 826
6146 1592
1286 905
2562 5588
6435 3427
3076 8393
1983 2409
2601 7804
5888 6967
6329 8686
1721 2474
1191 1725
7304 8033
6246 1175
9441 5633
5687 8359
8711 5486
9029 3216
3327 9734
6462 2625
1809 5838
3249 9535
369 2350
6541 482
835 6543
7363 8771
7315 4787
2050 8808
2792 6001
7802 5589
2995 1212
1517 2503
1208 7555
1428 8805
9960 7835
1739 543
9176 9240
3014 2137
2540 3691
4650 6472
855 2457
754 8432
7446 3743
7771 1497
7109 8889
4666 1947
345 1131
7612 9763
8622 6458
6811 9848
1652 9172
1627 9549
9544 243
1961 3477
8941 9961
9899 6299
9884 5761
3364 4425
4838 7050
1526 2846
8278 7663
4362 4532
7585 8888
8238 8072
4433 7485
4641 5285
6195 7632
8151 1461
9409 784
3865 2662
1149 9029
2506 7983
9154 6515
9427 9451
8934 8224
4744 9608
770 5443
9709 3051
9785 3599
215 8671
1494 6629
9358 3003
6911 6264
5012 3604
1480 9277
8001 4124
3465 5982
2036 5277
7217 7071
4301 3682
1437 7652
9667 9033
1846 586
6247 6053
2647 7448
9801 1704
6174 8043
8007 9575
6073 6512
4469 2532
6706 7467
9802 6086
8060 7122
7196 9536
5794 6813
484 4970
2394 3964
1144 6685
2492 9637
2853 9080
1785 769
7678 7357
4141 3849
2833 5597
6897 2435
7735 9234
4443 9550
4983 5179
6212 460
5572 2127
1667 7841
2069 2669
7389 615
1788 789
5964 352
3336 2860
4312 9195
2755 5155
4607 5326
4026 1075
4863 1203
8375 8247
8894 4644
8729 9310
3371 1060
3488 1838
4528 4597
6930 320
6335 7477
6717 3653
802 692
4979 1504
2290 8806
9269 2305
6484 997
3317 7573
6488 8641
8721 4640
8507 7769
7780 1096
3334 9174
185 8535
8078 7170
2153 802
1714 321
1470 1476
7514 5520
5434 8573
4153 6197
355 4747
9724 7367
4955 9471
2669 1712
4809 188
8353 900
5281 3421
1380 6247
7116 4387
4019 7279
9912 9442
9933 4071
5378 5610
2212 4242
5824 6621
2091 8653
6576 5354
3060 8998
4763 3239
7338 2982
1931 6428
6990 8261
4736 6046
2246 9353
8732 1200
1038 377
7366 1217
306 4234
5660 1958
7437 122
5955 4846
2205 8618
8015 3642
486 3010
3914 6502
1016 8828
3372 9845
5748 3275
748 6351
1023 140
8725 3133
8739 8312
1855 7635
5725 3005
6829 4133
7595 8168
242 7098
4640 6079
3440 3350
3073 8789
6862 7141
425 2181
192 2631
2463 2401
6913 3919
4981 6142
738 5333
9894 2186
876 7696
5631 3457
2683 8976
6553 1141
2856 6036
319 2961
1582 5044
6447 5717
9871 7933
1353 6603
7632 9125
9106 2438
8056 3039
2815 6926
4403 1238
4761 9975
7472 423
6684 3055
7451 6371
4449 7220
1806 738
7093 8487
1198 3032
4477 9733
6532 8256
5649 2268
6624 4599
4644 1123
9348 6900
6529 864
1232 4171
7534 790
4380 2383
300 9492
5728 5040
1132 2667
2813 3103
2952 6402
5472 761
8998 5487
2860 1386
8191 1509
1883 1335
5722 2472
9490 6041
3093 7656
50 2187
1589 3643
8720 4648
6619 4251
2535 5467
7542 6328
4458 7161
6876 1874
5931 6034
3230 1983
9556 7794
6170 8366
9015 9095
2084 5529
4652 1409
863 5627
2385 722
1795 1377
6237 155
696 3703
1944 3224
8929 799
4559 8509
2252 4999
5315 1895
8567 9283
940 5140
1468 3567
1655 2136
2921 1285
7320 5868
4076 5290
4118 8873
8 610
652 3126
2308 9740
8847 1572
7359 4324
9565 5039
4205 1985
8859 3509
2836 9650
8831 3273
8811 5165
8154 6971
2096 6170
6223 9870
4177 6114
8158 8567
2376 6122
2057 5732
7380 1505
6927 2555
6606 3980
4885 4517
6743 2318
2293 710
8960 5621
1153 607
7142 4408
7489 9454
2066 7907
942 1043
1453 9474
3407 9491
8457 8922
2665 3059
9714 2146
1193 9531
6177 5634
8557 689
6273 3335
2497 553
7404 2071
5068 8433
96 9420
9750 1191
5608 7811
8055 7595
9478 2101
1767 6874
2652 3737
4742 2235
5658 8463
2336 7658
1555 6748
896 3383
8268 4271
8610 2473
1472 8296
9334 2055
8274 8497
8073 9861
3718 7317
7308 3950
1547 4709
2693 8190
9627 1117
5729 1143
1952 896
8431 6483
1829 1550
5617 1993
678 6194
6806 2956
2264 9582
2648 4977
7569 6445
6357 7341
4760 4631
1210 5212
2784 2812
2409 7060
2845 596
2877 8396
6939 1670
2966 213
5106 208
7835 2287
3840 1049
4471 6650
2710 1348
3599 9545
8918 7790
2106 9802
8476 2578
3466 645
1706 597
1742 7746
8123 1631
8279 192
4261 1011
8278 8541
1393 7784
1343 4182
5860 3294
1476 4265
9648 6420
3176 8010
6134 4406
9246 4031
4847 1329
621 5846
203 9006
3473 5317
9214 398
181 162
5599 8192
3638 2202
673 2400
1090 5233
6885 5185
9774 7127
1444 2455
2646 444
4158 4916
2956 9186
3210 1077
2862 8621
4071 4125
1367 9486
5278 4535
2487 1399
5089 6256
393 6151
2509 2093
1602 3111
7303 2090
4048 3348
6475 7568
3697 3351
9514 2365
5750 1705
3956 7380
2929 2368
3303 2370
4879 1370
8683 7139
4755 6111
6115 4966
7052 9872
325 9160
5140 6811
4339 8845
9887 3650
8384 9681
573 601
1704 2912
4198 6068
4437 8549
3445 884
3231 8758
7748 3085
3225 7747
2610 5788
5492 6495
8435 6705
5377 1722
1584 7212
4993 656
7869 5167
8352 1052
509 6658
9831 5566
5030 9043
2154 4285
1819 7686
7861 3117
4284 602
525 8904
3631 8266
8038 5737
7254 2360
8459 6203
6833 942
1670 4293
4393 5659
5557 720
7907 9943
1039 9698
7456 1364
7525 9116
8281 4083
8692 2423
2822 9023
2522 4830
218 7284
4738 5371
7423 6064
9424 4231
4114 1014
2772 7521
6173 2529
3892 9246
279 7229
1551 7338
8682 9019
1431 548
2798 7230
7039 2361
6443 8860
553 1332
4805 6641
9308 9783
5363 6435
5694 2313
1237 812
7727 2947
1554 253
5037 8605
7383 1159
3377 3219
7854 147
2289 9649
5565 2831
555 7515
1779 2973
4502 2374
5534 5665
324 5374
5622 8444
930 7518
290 1563
7791 4808
8308 1929
4884 1498
429 3132
8206 306
6718 1479
7989 2458
3719 3720
6166 7843
9411 5216
6276 8226
88 6083
9497 5011
5171 2703
3813 1221
6361 7666
3819 9218
5429 1994
6302 9636
2032 7310
2361 6724
7988 8216
5595 1587
5584 8103
2518 7481
4591 8881
1661 8086
6590 9443
7925 1989
4222 992
2213 2989
5738 7536
8712 8400
4162 560
4204 1436
8473 187
3784 6349
4208 2111
834 281
4335 748
8396 5561
2702 8861
5023 8899
794 8097
8777 3052
5673 1038
9664 1890
4243 5967
5449 1314
453 7055
2987 8933
9251 5091
4183 9722
7980 5511
4193 2759
3875 3188
9553 5781
1126 3987
6109 1841
3520 3678
3386 2805
2826 5002
1439 6071
5192 5014
2240 4943
7153 8269
1230 8057
4988 4473
9083 4334
1725 8360
8259 8741
1658 9340
2679 8874
8700 8673
8958 4876
9468 5347
1031 3183
5327 4773
5467 8375
2061 5952
9789 994
5239 8409
3236 3070
6622 4278
2072 7143
9477 574
6345 7923
1945 8966
3554 6818
1565 468
9674 52
924 2984
1690 90
7165 7350
8888 1236
6473 4512
6929 5312
1759 87
7710 7638
5415 5606
7553 2100
5903 9612
2012 6576
2698 9587
7417 1218
7680 2208
1807 9373
1733 1553
2799 741
8021 9337
9813 4546
7587 2713
2502 4768
1170 5690
5360 9760
8494 2192
8718 1266
9938 2970
316 8283
2052 3501
2284 944
575 7008
1774 389
3037 8543
9306 3619
363 611
4737 8564
119 5463
1764 6308
5951 524
6434 8282
6190 88
1268 7537
5549 4399
7610 2234
2782 7668
6709 4458
2244 7713
6605 1283
7454 8156
4041 638
9084 446
6795 8967
3250 2403
4398 3222
6370 6742
4435 4976
6945 2444
1391 43
3767 291
8327 9603
3601 2008
8912 4789
2886 4781
4925 1693
5944 5570
5201 2835
6061 5517
775 8939
5247 5887
999 6680
7571 1872
4535 6619
500 1215
5496 9416
1549 8878
895 6439
1397 9119
4896 622
1592 9743
3904 7628
5196 5791
1910 1013
5483 5048
2839 3274
195 180
6468 5575
3562 9659
7959 7920
7176 3932
3261 6859
3082 3704
1857 9911
3255 5286
5369 2418
9905 226
3500 1720
3726 9
5244 1716
2910 2985
3529 1502
3782 6549
6033 414
558 3024
3624 8719
4318 2429
4711 704
3188 4552
3107 9165
6861 6263
134 7085
8949 2278
4151 6192
2749 2559
6448 3046
9863 8770
3766 3458
1262 9980
3997 1932
3548 8045
4044 6878
108 9212
1263 9249
5337 3768
1657 9422
7072 9807
6265 4960
2260 1665
2033 6072
843 3880
6507 4315
1284 7274
8031 2904
4064 2358
6378 6455
7478 2661
3818 4698
8558 4900
7749 3402
9594 6758
8096 4896
1388 382
2405 974
413 6905
9295 9367
6266 5828
1724 5024
1207 4693
6280 6970
4408 7205
9116 1902
1872 3963
7992 2312
2529 4938
7557 9086
6936 5345
3000 6409
227 6610
6763 8547
8916 2229
1083 6366
980 242
8451 3309
992 8892
2748 3898
7281 8213
8587 4246
3507 178
4526 1546
716 2346
4308 1076
4691 1172
5202 1341
1344 3435
8548 1064
1025 4411
6297 9955
5288 2889
3689 7626
8776 6700
3578 3741
8755 6187
1182 5807
8709 2909
9344 6581
6371 3023
1801 123
2310 2107
713 6596
4769 1272
4236 9418
4608 5438
2824 1749
333 9477
3695 5820
3299 7309
2544 7799
7655 4459
3198 1916
5896 8614
5036 847
9028 8759
1504 2221
4786 3381
1963 2568
8258 286
7929 2685
6997 6627
758 5700
8013 852
9167 7439
9332 2772
4451 2322
4295 367
2410 1373
5909 5488
6392 7748
6144 2017
8275 4647
9023 3486
8738 1190
9853 3652
469 431
8898 5246
2100 4854
4903 8161
3128 474
7199 3108
2835 5377
880 6453
1830 716
5862 4497
8387 546
9507 8902
9652 8087
6646 491
8376 7237
2898 9510
8887 4372
9095 2498
3524 5668
3449 3544
4164 2254
8074 3320
7897 921
8648 5842
9584 1870
7013 5940
3018 7876
1044 3043
9585 8763
2133 7408
3164 3620
5210 2656
4545 2677
9591 8536
6316 3080
5285 5416
8673 8838
8946 6682
7442 7839
4947 9756
4302 2252
1466 3234
7883 348
9669 3001
1290 1687
7447 8918
2273 6026
9007 3107
3538 7254
9838 9878
7075 5540
6970 8529
968 9983
6940 7040
9745 9880
3273 6907
8741 3568
7519 7158
2132 6219
7250 6675
6721 8555
8005 2817
3616 7321
1786 6640
8863 1185
6066 287
7081 9494
4311 8628
6880 9530
3643 8710
1593 484
1562 469
8609 6983
3410 8284
5654 7270
3451 8591
8638 4078
7280 1557
9219 1334
212 1208
5019 7669
7129 6156
6587 6822
7221 3297
3933 7193
8142 3375
6090 8630
5461 4007
7940 5361
6601 325
4091 595
2355 9219
9021 3450
1069 2364
3563 5925
2926 262
1520 2574
9366 5298
8762 3082
2125 2507
7609 2509
3168 7151
156 1653
6087 1298
9845 274
2657 4263
4297 6162
5513 9694
9200 1715
3411 4223
270 2890
3785 7987
5583 5007
958 134
6359 5335
109 2427
672 8965
9979 6948
2175 3707
2300 8264
6644 3939
7108 6516
596 1085
4613 2395
6098 6062
9836 7744
943 7597
8483 1170
5351 658
4600 6060
1954 5580
890 6802
4242 6900
8418 8817
5117 7108
2773 4606
208 9280
2943 1104
7565 97
2064 8182
137 6938
2937 633
6779 6645
5080 2859
6980 964
7548 3927
7242 5941
6837 9060
3472 1869
6513 5998
1316 1734
5682 9153
6184 4198
2304 4134
8959 6570
3040 8335
66 6233
3832 9314
3087 4316
975 6661
6103 3885
9921 2116
7402 8034
9461 5883
2776 9501
1696 6768
9771 4537
564 4972
3080 9193
2337 6277
1921 9208
8430 4011
5701 6223
2123 3293
8178 1977
885 3933
9011 6579
1457 7981
7080 6860
7873 3948
5581 9048
1548 4100
9694 8250
5766 9162
2169 1800
4475 1846
5577 2911
3829 394
1628 5678
4207 7094
7484 8645
779 4935
3039 2576
3019 6976
3988 1089
1741 567
4313 6746
5408 9497
1209 5440
6299 8112
517 3449
4422 9627
5020 8526
715 5205
2199 4363
7023 5355
1307 8761
4210 2002
5126 9944
3172 4383
1375 3626
8400 1421
3300 1530
4231 5893
5458 6761
2477 9404
1369 1623
6104 9546
1635 4057
1808 8242
654 3336
3521 9429
6547 8766
4515 3565
2504 1453
6774 6655
2414 936
7222 6550
8496 8969
8669 8387
193 297
530 2734
6563 7549
7070 6425
6708 9185
6810 3050
6463 5738
4150 6657
5379 1426
7327 8739
2500 9072
1548 373
7448 6300
2408 2095
6827 9772
1641 9925
7746 4429
4328 2964
7545 8518
2526 29
3991 9020
4779 7754
2126 3877
6325 8013
6909 1098
5752 1798
3513 4154
9855 3491
3807 2153
7764 7244
684 8799
5034 3088
2532 6542
606 4704
6436 5238
2045 2735
6994 8078
8690 1558
7192 4024
207 81
6933 2439
8321 3801
3313 1573
4827 1865
540 3467
8212 3484
2238 219
8731 2485
8982 315
9829 8151
3779 4581
7408 6358
6284 2082
2163 904
9550 2901
3996 2224
6917 7931
916 6451
3212 8668
2348 6714
2574 6106
4317 6827
3871 8141
6947 3401
2781 5304
3289 4615
5618 1627
5516 7447
3474 1507
2994 749
7 2743
1077 3235
3428 1460
7579 84
7957 8046
3862 4319
6585 9894
2697 5997
5741 9930
4500 4394
1715 3028
7730 5857
8661 2887
2416 6418
4197 6517
1877 9295
3983 8126
5563 6835
9624 1042
415 6430
1297 9294
3281 8159
3663 4423
262 3058
4271 1621
948 2515
6148 4513
7190 6831
4290 64
4344 9634
179 8875
9030 4927
312 1677
4770 8001
5283 9605
9607 7870
767 7496
3650 2936
5659 7349
7760 9150
1705 6734
8538 2384
1402 5391
9685 9917
2821 2789
9215 1169
7628 4737
5643 5593
3567 7664
8313 8540
1569 8983
6227 4685
117 6997
2231 1032
9549 3867
544 917
822 4887
144 5115
2187 4996
1189 2971
9416 1299
494 5237
5111 1254
5412 7889
95 8986
1342 184
4289 9278
13 1996
6672 920
7846 6157
7428 1522
3901 719
8793 6806
4373 8544
6822 9596
1532 2924
1071 8306
4928 4559
4869 3828
9310 2687
7657 6908
346 9768
5294 8703
1294 5406
2563 2832
7894 3125
4143 5310
5040 7997
2193 1162
4087 4104
7821 9571
9656 4538
9019 1941
5498 6074
9026 7948
7644 3258
4548 3752
4781 6481
8390 4369
3159 8807
7543 5682
4558 6018
3005 1177
310 4987
3182 4435
8223 3466
4765 7574
9873 232
9197 6215
3240 8464
8794 9724
3163 7512
6330 4918
8585 5931
8118 7080
6700 6335
1135 5625
8957 5033
8663 1641
812 6861
8167 6290
8649 7634
5188 5627
5017 5392
622 600
3968 8997
1753 532
6354 7960
4982 718
4294 4314
9946 7513
1479 9889
4212 3485
5497 2342
725 5282
6895 5512
1288 1467
7066 3220
9700 8377
3793 4746
4090 2064
9077 5729
3588 8132
8054 3345
6656 5803
8651 7316
6414 8593
1524 6552
2188 3510
5856 3074
6874 2016
3712 1673
813 2028
7001 2886
3716 1555
4793 3628
6208 6033
4685 2263
9755 2087
3265 5321
7599 9789
4995 4215
7004 295
5777 3167
7286 3343
7964 449
1515 6559
8869 6408
6838 8121
7005 3007
5636 319
6819 6643
3570 1378
5590 9349
3475 4128
8382 4769
6403 1259
8493 697
4912 6067
1638 42
1781 7419
8479 7969
5041 3710
9655 2603
112 1295
7107 8392
8297 9397
1973 3833
1752 3766
1965 426
9890 8370
5812 5875
1440 393
1567 8682
8652 439
1334 5858
7040 5338
9834 6239
2389 3337
6017 3
1731 6468
9027 8040
4108 4302
9704 7854
6 4829
2766 9890
2876 3429
2552 3207
4157 1424
3660 6216
9560 6632
1821 4147
8465 5615
2420 8238
2817 8960
5736 7743
8850 3614
6589 6276
219 3661
4932 9345
749 3061
2941 5641
3223 7587
4072 9452
7816 8697
9825 2470
7524 2517
4639 112
7824 3422
6252 639
4848 4803
1422 3555
9730 7894
3937 6981
3315 2415
3046 8854
6238 4397
6618 3836
8854 5363
3002 3300
9613 4702
5103 3895
6902 8575
6868 2000
3573 4393
6612 2172
9172 1561
7986 2066
3942 3493
1822 5801
8234 7529
2804 4991
3585 3803
8103 7334
5069 9752
4465 385
9868 6139
2662 4752
1300 4384
3323 6469
7492 7949
2277 455
264 3879
6793 6656
1310 9332
7767 2275
4728 6287
6790 4556
4319 2613
6741 3446
7365 791
4016 9614
1175 7459
2939 4886
8977 2951
9339 7493
3910 3313
9982 975
4462 8748
6661 1783
9562 1302
1395 8925
9249 5164
278 9008
7507 2756
8105 312
773 7639
4524 3716
3406 1991
2682 6994
8237 7708
2434 9841
5760 6519
9616 1554
1151 2316
1612 8604
2391 78
5717 1971
2006 9445
1797 1132
5546 2034
7434 5350
5014 2628
2496 3711
9935 6590
5240 6465
8116 2144
6128 7541
2362 151
8181 8576
9375 2007
7003 8214
6362 113
8356 943
3191 2641
3938 6998
909 1684
4643 8676
7508 9543
5965 5125
8091 853
2365 7144
396 3296
925 4065
2759 6175
2013 3164
9324 2421
7127 1128
3568 1854
6568 5780
8954 2683
4916 3194
2949 7295
9282 5390
5146 1443
74 8937
3086 2730
3117 6412
6204 6364
9955 9810
3540 2615
1295 1072
3845 2399
6326 1961
2970 9746
8919 8077
6355 8952
6944 1652
9347 4032
3108 2218
3681 9713
5385 8777
125 2309
8568 9197
6738 4404
115 4946
8950 5152
2907 4790
8262 2649
7233 8862
1663 4206
8111 5341
2307 1130
5321 172
4525 8270
9683 8336
4505 7131
374 1375
811 8003
4394 8413
5166 8458
5302 33
4042 8026
8601 8447
1919 9188
5703 7400
2014 1487
1252 9496
8614 4719
7718 7836
9166 4503
9158 3790
5661 9838
5085 3981
1516 2130
2590 9268
5093 8858
4689 7395
9466 6558
2771 117
9907 6460
3545 1583
9744 4239
7792 5845
7935 2879
4499 2463
7840 3196
5874 1808
9651 2760
8012 5808
9489 486
5164 5742
2351 8385
3419 9196
5849 7195
420 1804
1615 7391
308 4565
6411 5779
7000 787
1936 8115
7094 380
8582 2043
6479 2836
3391 3781
8624 1182
7287 7763
7995 7932
491 3341
3326 6140
1591 700
8605 4001
717 9918
4030 1138
3349 9876
394 7650
933 5372
9323 9717
2237 7735
937 3237
7675 4041
3156 7204
183 9400
4757 4571
4111 2300
539 7565
1740 4019
4062 4193
414 5307
5307 9453
7933 5695
2588 5018
1406 967
6632 2084
9202 1235
1313 9173
6321 7029
3967 9054
5417 7092
2707 8732
1084 883
655 721
3471 1953
831 1752
8839 1090
3121 6518
8612 7885
8717 7293
8953 2547
9236 9702
3858 3177
9540 2589
3546 2497
3542 5830
143 6866
175 6894
2832 2477
2955 6091
7860 5926
1505 141
9088 3228
768 2554
8608 4721
7998 4179
1298 9853
9342 8687
6248 9991
7705 2185
5154 1422
1187 7413
687 7506
4569 1012
6641 1427
6191 1316
7501 3952
8569 7557
1064 3209
5771 4221
8395 5726
1009 3311
385 5342
2054 5289
927 8883
1622 9632
7624 9846
6865 9518
5216 6201
3413 9495
5891 3960
4169 1186
5480 1816
8875 6222
5413 2027
8383 8624
7378 2426
8370 9469
8491 2240
6556 5222
4031 4455
330 395
384 5353
6469 3517
4908 8942
6957 2448
4924 5054
8684 6747
2514 5886
9612 9152
8501 239
499 9155
7020 1483
5393 5881
6233 5923
2390 3695
8345 7375
2699 9665
1692 2010
113 1931
5177 6361
4588 5476
8135 9300
5789 6479
6934 3878
5223 4141
9101 8328
1435 562
7374 7886
3258 3683
2598 4175
7775 2207
5292 7176
8992 9774
6161 9657
5098 3624
3387 9699
3549 8148
1202 7916
3694 3199
9595 2324
4251 544
6742 2774
9129 4743
4280 1482
9686 6626
8436 3563
127 1756
4506 5177
2524 9408
1427 7846
8131 3793
8420 9127
3995 4016
7387 8049
5189 1163
2044 6791
6453 3252
3738 5254
387 1081
985 6745
4665 8364
4189 4252
2317 3915
3330 8485
2176 5020
7069 2552
2386 4274
5123 4804
1835 1897
4817 1125
1824 2931
2501 4656
2098 1535
3715 3497
1499 2329
1005 3360
1538 874
1727 5176
4617 5191
2780 9460
8289 9927
3328 3184
867 1962
7515 1646
2875 4201
6198 7543
4529 4533
4276 8223
9394 7588
3623 3750
8026 3040
8768 9395
1082 5751
617 7135
2081 1776
4996 7169
8463 6218
827 4488
2363 4515
8780 5960
7753 8304
6901 9415
6304 1282
2747 7532
1066 8972
4952 7024
3338 6921
6350 3835
2932 760
7597 488
8773 3453
657 1435
5054 7275
1091 2781
4913 1383
722 3530
4850 4437
9256 5102
6519 4113
4891 8029
478 132
2019 7569
841 1643
4133 8915
1011 4553
8965 9823
9628 3965
4546 2788
6275 9084
6562 8468
1556 9146
4241 6678
6560 7612
7461 1581
8336 77
3482 5359
9692 4417
5917 8309
1186 1372
5506 4641
311 1412
8761 2198
8749 7787
4459 4058
6859 9503
5524 7917
1496 4287
1754 8128
8474 529
1837 6877
3943 3203
1968 2194
6381 6492
9601 3957
360 7884
5548 2694
6219 2712
4051 4043
7867 268
3483 8731
474 4336
788 6687
2611 6920
8602 8753
1852 1784
1938 2452
3491 1541
5851 9521
475 8092
951 541
205 6010
99 3025
9481 5123
6653 2689
5357 5245
2207 2695
4746 8569
1456 8820
9397 9830
4911 4634
5251 2143
7403 7155
5454 8158
2885 4824
8176 7324
6872 9372
1134 6555
2418 3874
3404 8143
5920 6478
4621 4524
6439 7075
3467 3686
424 3241
9041 4507
1536 9748
2318 7238
894 7733
5330 9654
1709 9446
1533 6684
1940 4151
8466 1622
2023 3308
2753 8011
2379 238
7658 4985
4299 530
5582 9913
591 6773
6525 1736
6339 3953
7551 3985
9827 1320
571 3585
6058 7166
6449 5383
1691 7340
3290 8667
2589 1001
9188 7219
3596 6224
3486 4289
4889 3356
9860 4521
5670 8319
5213 2085
5531 598
4415 222
1447 198
9981 8150
9271 2402
2340 9213
1519 6097
6412 6812
3527 8032
6531 7776
5570 5734
1463 3829
155 929
1483 2883
9239 6727
6956 6701
5270 8989
782 5471
5348 6356
2041 3195
9967 4863
5155 1499
189 125
1339 7904
8972 5798
3352 6696
2684 705
507 6342
9044 4295
9693 254
3418 1102
5094 9182
1957 7064
2430 6378
2950 3373
1683 8455
2751 6688
731 3513
3035 1887
1158 6454
5763 3866
7563 873
4920 1793
1805 5422
4631 7156
4155 7986
2359 5769
1258 1005
3013 2556
4342 1986
9795 6103
9118 4385
4370 8692
3220 2839
9680 5192
6716 3068
7480 201
3551 7344
4716 6130
3854 9971
1330 5874
6288 2129
7912 9226
3481 1934
6072 1251
3894 9402
3898 5189
6005 3794
2108 2865
3347 2126
1912 766
5230 7311
4219 9258
6984 475
3149 206
3837 6673
9856 8558
7714 8730
2272 7110
4797 5500
4070 1492
372 1735
8036 4068
806 877
351 1549
705 1537
4372 788
5749 8525
7874 6164
9502 181
1432 4526
3142 2963
4388 218
8594 1145
6635 4119
9036 5004
3464 3398
7646 2484
6604 2561
3682 1802
7025 9348
8294 4367
3873 5636
7157 5295
724 989
5083 4042
4959 1171
6426 166
4710 5628
1336 9286
7215 4920
7917 3972
7676 8081
1868 2260
6042 4645
1003 7606
8312 7201
7721 157
481 6265
4799 4377
5985 3474
1417 8445
7321 189
2587 4586
7549 5220
9904 3851
8405 9091
8989 5206
6306 677
7841 4577
3067 335
693 4852
4604 4540
5597 3442
7114 4542
4663 7520
1625 3905
4854 415
7390 2500
4181 4751
1396 9388
3558 3092
8745 4792
1251 3894
7358 6781
8714 8568
9897 660
4065 9463
6681 9820
3614 1678
1637 1278
9480 9378
5471 5680
8906 987
3535 6702
7318 6713
9725 2272
1007 9528
6345 5257
5055 7503
2615 9056
5522 7654
2557 5393
694 1532
9250 2681
2706 9593
2320 2634
3803 771
9888 317
7944 7342
2593 4311
6558 947
1716 9001
5837 6446
9511 3991
2156 7358
9819 5051
320 111
5500 636
6969 6649
4055 4573
7016 9325
3416 587
3606 7181
1557 1446
5947 4342
4173 8981
4834 458
1465 1040
6157 1133
7832 7614
9190 7615
7141 6302
358 6399
4084 6489
1619 7105
7325 1395
7803 5447
5134 1470
3294 9473
1927 3761
4359 7725
8261 7410
8990 5919
3627 9606
6825 1521
4123 9540
6680 4530
1999 4511
9133 7973
1501 9135
4119 4867
7591 7223
5452 2433
8367 1284
8603 2800
4864 3631
8736 7427
4037 3597
8689 785
516 6944
966 3824
9363 3553
4050 7533
1299 9871
6640 779
188 2828
9305 9101
2483 3413
8542 3483
3693 5790
8598 4210
8952 1346
4533 3538
7564 1490
237 9794
5685 8060
53 6801
9805 8414
4457 4419
8173 2919
6496 7998
648 7645
5389 9728
2298 2097
5300 6639
6648 8412
8705 8252
4431 4427
7953 5112
3651 8751
5238 5968
8488 3066
8578 5969
3186 7272
849 494
914 6857
572 2701
9832 1861
7391 9784
1200 7431
7006 461
962 5253
376 1785
4656 6744
5372 4080
936 2517
8064 5565
9611 8102
6778 1260
9923 9647
5499 9480
4268 3368
6760 7941
9255 836
3907 8504
756 3415
3869 5765
7708 8127
3305 1250
2275 3248
3381 870
3776 9624
9826 294
9181 2753
8541 4992
9633 6816
2467 200
1017 7858
3276 4772
8411 1322
6615 2638
3700 4480
5374 7180
1019 583
3340 8810
740 85
3770 1966
8066 5696
4178 7599
7827 7762
5569 2212
1059 8943
106 6715
7243 983
9936 277
4560 3967
6835 1970
5972 2496
8283 7878
3353 4933
8843 8764
4677 2056
9355 5943
6683 5382
8812 1244
2770 7090
3696 6659
9128 3054
9281 7908
7743 118
3297 2141
4777 786
8270 7765
4489 5415
6341 9065
8625 7501
795 3575
9223 9396
