-39.500658811966673 43.148677986343564
1.377308650513498 10.273275582655813
4.825478162415209 7.500144546629031
43.253534869529574 -23.404959260150775
-1.681884394773604 12.733578984156551
6.937453337183442 5.801624829355120
23.002413603600971 -7.118343215594436
-18.202267678543194 26.019813159463311
-12.340668073660083 21.305722471938267
66.974901615771358 -42.482460558715587
9.414376842316443 3.809601692951844
-31.811206970663804 36.964568568999461
-1.444358123845532 12.542552565209107
7.800426962101156 5.107593131008599
3.517199911109444 8.552304833393464
-0.702014471646493 11.945535448096649
1.941928501057561 9.819189776927260
-58.106416858828325 58.112038955248181
-1.117745887149866 12.279880290194598
20.209746862465806 -4.872389011083612
13.302756508001579 0.682439210496085
71.383072981373545 -46.027656577612589
2.447110412897857 9.412905911320237
11.286562790712964 2.303928337627667
-65.473934138564914 64.037238037364375
24.298855141299029 -8.160984028981233
-24.751275924091033 31.286740425724005
-44.951541599972856 47.532456736486111
10.287175683781683 3.107668233149113
-6.942588700856490 16.964409960477184
32.813802825622844 -15.008984283040590
56.852939993658850 -34.342046979027231
-71.661150695899693 69.013200559665364
-0.434708736669634 11.730559407268700
82.984760287099022 -55.358114093328311
45.982212573830878 -25.599451382128535
5.569006863402905 6.902174374406130
12.230739967227379 1.544590079266868
-10.672158008779348 19.963851943568571
3.011874102338169 8.958704425632803
25.922458560254583 -9.466739159569826
21.410709752802376 -5.838242764158522
16.437902018927105 -1.838947655433429
38.766376464194366 -19.796239272791240
48.251342177233369 -27.424359846240591
36.845916492906269 -18.251742364665361
51.179807649623456 -29.779527845199809
-29.448305864591532 35.064245986338165
-22.619839481872049 29.572569318754240
-83.300855054206295 78.374232636187074
-1.741263527817182 12.781333630837096
0.872270519573831 10.679443814945913
30.551018034743521 -13.189178525296370
4.201031272324812 8.002345220140896
17.662821403831416 -2.824068007314153
28.978711239298676 -11.924677822081478
-1.711573961295400 12.757456307496824
-54.033054274674697 54.836107141537319
53.666011060818079 -31.779014186478037
-16.326213490245962 24.511028838716328
27.319386949226782 -10.590194795145351
-1.830351243364703 12.852980894134575
0.159319549556386 11.252822372843539
-0.108030497702458 11.467834051062297
-36.844288674034857 41.012337981234381
59.812282086416388 -36.722046968969792
14.320892068010991 -0.136378806019422
-1.533433906241740 12.614190231474836
76.683096163352673 -50.290109083754544
15.406208942994525 -1.009226239868610
-48.085633921661021 50.052996593081879
-5.390488397336767 15.716159980926932
8.545102376898271 4.508700733923078
63.349582826906328 -39.566860262908790
-1.028648408246738 12.208225174886266
34.517671093554242 -16.379291038202354
18.710589104727873 -3.666717163590675
6.193689134072500 6.399784400111002
41.247803868152999 -21.791884592377016
0.545451809670098 10.942282142487542
