31.550404114997903 23.805362422003626
9.170500121542602 0.514648382303065
28.672311056908384 20.810137669689539
11.068707143197884 2.490108015304784
8.896883319219469 0.229896012443518
19.121464393292428 10.870593758135726
22.350600648655131 14.231148349472491
8.380857852873390 -0.307130490323615
9.444920349367550 0.800236875213898
-34.247834468442498 -44.670711452623294
57.560223355967508 50.873720818128987
15.309899242201311 6.903906769500196
46.727625345310997 39.600261260527148
9.994764401718655 1.372458301788598
8.684109147355358 0.008462426608205
8.047889582305842 -0.653649795158444
21.142491888267941 12.973872372092799
-10.418227000293484 -19.871294378212411
-54.907205830828339 -66.170871184408554
13.396017989772389 4.912135000984051
10.607899978286284 2.010547070425844
24.815913992061326 16.796794212668473
17.446074640474990 9.127019538633846
-16.167992949985745 -25.855062430508418
8.108395383437383 -0.590681548632020
9.719438432135959 1.085927205536848
8.078142482871613 -0.622165671895232
33.305451101012707 25.631835738844629
5.955507636469619 -2.831186820185692
-29.733687621339598 -39.972849326859233
-4.963578414800153 -14.194654280518762
14.113693422899146 5.659018155226434
34.852681847935671 27.242035178956314
40.339800034244149 32.952466314707578
78.947207453618176 73.131105431381684
8.229466231235619 -0.464683398888511
4.018762597815098 -4.846752877855209
-0.207382084029035 -9.244891820006970
-8.202798645678143 -17.565703241723185
30.150595341725349 22.348584687028136
36.689982059124944 29.154109235949790
11.408460833865774 2.843688891057994
-13.798118948459738 -23.388740068455192
10.331444030167404 1.722840008139329
-38.003716550287436 -48.579449200589828
51.799702840291971 44.878760514024776
-43.293280691877165 -54.084286301430311
11.994851791788719 3.453944597268489
86.494268925190909 80.985314753541701
16.769647941954972 8.423063846569420
18.436216269164191 10.157457628955754
8.199169733702320 -0.496212893414437
-48.094840003578852 -59.081257910701254
-22.625378145423774 -32.575248186225906
26.075216158424396 18.107347048592842
27.390639673437249 19.476305241542264
61.027249882800874 54.481847261752051
20.250510017652999 12.045588913720280
8.471870086945486 -0.212414269981153
49.323267704552322 42.301540227412005
23.522291452618447 15.450524244294769
-2.814884752313247 -11.958513782930652
42.251289890574441 34.941749362865266
64.322497357813063 57.911203645631048
72.925898762486554 66.864743479564510
14.587819638613695 6.152440205301460
12.926247654180727 4.423246105222972
-26.613088816503328 -36.725249407872653
-63.114321826882048 -74.711997715185390
68.569424166123866 62.330970498466115
44.568355965247832 37.353114638252094
54.761987044687316 47.961602796505986
38.325936788187278 30.856643517939091
12.337219955606230 3.810246349148343
15.851795713333658 7.467857166783290
-19.813137520188832 -29.648555907638382
1.829193252968324 -7.125432603015526
