34.889907395030249 47.771068032123964
8.815990880353851 21.090781365943471
1.816830979568124 13.928850304674356
-48.303241638733795 -37.356805397774117
69.676987600649596 83.367150102990280
2.758900837409669 14.892828763861047
-6.554145130353703 5.363200331731093
13.420066964834504 25.801928987272518
0.952463586463963 13.044381344288709
-74.017561935941316 -63.669133143753903
-12.980843778533895 -1.212956424546320
26.114409800326385 38.791489098008384
17.208975129766657 29.678951295575189
-18.716898624844916 -7.082407895190158
-5.743088151249097 6.193119101047444
38.311794252036293 51.272533653246427
-37.796522231019118 -26.605743678252125
55.256171038939328 68.610965714263500
-38.898424305242322 -27.733271382108420
-6.148728348928842 5.778045410398391
11.705374454197027 24.047359906620215
45.887686087921367 59.024609020198596
-7.142961328983347 4.760690733133316
-4.856494299706512 7.100331414253802
-31.325717807871783 -19.984455431310664
19.298250812269345 31.816814784647704
50.336698055284700 63.577086382151776
-30.780646607680687 -19.426708156696513
-7.510600051146000 4.384502273245957
-12.923765517337102 -1.154550761926330
-61.324031821194438 -50.680404654245471
41.849948493292857 54.892970551276392
-24.546919784675325 -13.048010942458461
10.246796362871436 22.554861394566132
-2.334534703224818 9.680941233909493
23.735919892334593 36.357685471226091
6.211398457246943 18.425617026020134
62.030589892958488 75.542929192794730
-56.802041819604412 -46.053252094478935
-3.189471068991438 8.806122627078537
-18.563249193597088 -6.925185221355164
28.869211635648895 41.610356092291880
-4.301535921448348 7.668195801308656
-5.263057271365867 6.684313489765159
15.258586722906259 27.683205018787788
-24.765281303907258 -13.271450636556267
-1.552777529712472 10.480878806805848
-7.473845335509679 4.422111749711036
-3.893882884811404 8.085329141123225
-7.437090619873345 4.459721226176100
-6.959014561504873 4.948915332413620
21.346820895659278 33.913026032767633
4.955370984820703 17.140379612374673
-45.933940131869619 -34.932403855866582
-0.694660446003340 11.358952101764018
-7.326818624258905 4.572557686804842
7.473230062873768 19.716793552708040
31.860475106769258 44.671183830182500
0.090367822839937 12.162236841975755
3.855119088288561 16.014540462434809
