-25.621667142173123 33.380382047442822
9.665062872320121 -5.307478570857000
18.129134950674043 -14.587364825437817
-10.726597605526777 17.049643157866711
6.644502007041368 -1.995779308924867
1.703733595406490 3.421207744795296
54.580164010209216 -54.551746083482399
-58.569916641810266 69.504366438611243
-32.344770978209496 40.751495891771839
39.484145883228081 -38.000690064744035
18.674791014416286 -15.185614244721464
-1.889023908365047 7.360255128448429
14.859115961931877 -11.002163283563874
26.984013003402652 -24.295725100116158
-46.226114105521191 55.970799802438904
18.401962982545172 -14.886489535079647
-15.514030481424925 22.298515347104441
12.943891906976134 -8.902339319696722
