-25.945158396752177 -17.945158396752177
31.861357522941034 39.861357522941034
34.734351833400012 42.734351833400012
-21.443892547142013 -13.443892547142013
-0.423009509686423 7.576990490313577
15.795691633883948 23.795691633883948
37.866567398679592 45.866567398679592
17.356452274204571 25.356452274204571
60.181929036331582 68.181929036331582
20.536459385359592 28.536459385359592
9.479768172903420 17.479768172903420
-0.959961002027242 7.040038997972758
7.360944669275185 15.360944669275185
-18.546315328316595 -10.546315328316595
-44.019320132228167 -36.019320132228167
24.596526469803678 32.596526469803678
-48.922281853986654 -40.922281853986654
77.092592649525869 85.092592649525869
-14.410743723535774 -6.410743723535774
0.442720372726114 8.442720372726114
14.457040273390007 22.457040273390007
3.858565580632700 11.858565580632700
-1.067069372702363 6.932930627297637
18.744936310587391 26.744936310587391
41.262733828088869 49.262733828088869
8.281067658127682 16.281067658127682
22.260381208455186 30.260381208455186
26.812081010160256 34.812081010160256
10.663832362865648 18.663832362865648
-62.111434661842992 -54.111434661842992
-81.714562486142896 -73.714562486142896
2.714661104274342 10.714661104274342
53.967095821325216 61.967095821325216
0.187944875564384 8.187944875564384
-29.435183844014645 -21.435183844014645
11.893688782897101 19.893688782897101
66.707136420537637 74.707136420537637
13.110163949405418 21.110163949405418
-0.852852631352135 7.147147368647865
5.517502925417588 13.517502925417588
44.757132926322925 52.757132926322925
-6.567560494247232 1.432439505752768
-0.602441602973187 7.397558397026813
-12.214500869926354 -4.214500869926354
-38.365849886384694 -30.365849886384694
-8.349878741396438 -0.349878741396438
1.129981156634699 9.129981156634699
29.287513435464490 37.287513435464490
2.300925564427118 10.300925564427118
49.382516857996336 57.382516857996336
-71.314204240059823 -63.314204240059823
4.359713572687070 12.359713572687070
-55.745273610171296 -47.745273610171296
-34.364468607909714 -26.364468607909714
1.389144325292747 9.389144325292747
6.185719696827107 14.185719696827107
-2.744468527302445 5.255531472697555
