-10.092869982708578 9.597983632523004
55.881269891725474 -25.105176648248658
4.651358688907422 1.842348897742340
28.839341748566838 -10.880809821500474
-24.605425577184747 17.231755650426656
-76.281793162215934 44.414122414807224
37.660567000861505 -15.520876283690157
-17.065902470472452 13.265879334179154
46.083034707854878 -19.951191667137536
12.223167708110992 -2.140510181723123
-31.872113799117102 21.054117663119399
-49.718770366622152 30.441665337356156
57.932539905319004 -26.184168389503064
12.418529760679945 -2.243272879895230
20.128638297011051 -6.298879104208126
-40.200486730065705 25.434938106566349
-10.054250059777900 9.577669106588374
-32.517811290090464 21.393762008082270
36.966608638161823 -15.155846162270091
20.469961504683283 -6.478419057376755
-41.434485504556392 26.084035727830241
-51.810619620872842 31.542002228320385
-10.131489905639228 9.618298158457634
-2.754316075946150 5.737819438792485
68.782517830905732 -31.891382211632489
-2.714174430429139 5.716704469185274
74.538058029644816 -34.918862894206235
-61.068205099858744 36.411599214376565
-17.270073399072714 13.373275602980449
-24.300864141833657 17.071552814490538
28.334427507757184 -10.615219093675741
4.587282223014967 1.876053859570163
-64.507910826550557 38.220924192000595
47.000898500961725 -20.433998633453857
