-1.793871424083363 -14.031905524170739
39.284936050573727 -38.729593453719175
39.866982264598064 -39.079535349267545
-1.814103323273244 -14.019741560240625
-5.437030684461021 -11.841539833882329
-20.461069964345725 -2.808681861927106
26.183496191136243 -30.852654151726085
30.242553111481939 -33.293068741872574
-40.201131578262689 9.059576040918671
58.240035853111223 -50.125911126410429
30.482078495403137 -33.437077868401886
-40.486638808198052 9.231230694499445
13.837081008777218 -23.429656066626798
-24.220091881018021 -0.548656415093454
-62.411141248593623 22.412833388725005
-5.472875003992925 -11.819989261403030
65.463644790478341 -54.468939812680233
44.354670671515123 -41.777654759561244
-63.196541111548868 22.885036987311594
13.949157159526592 -23.497039273825806
-67.561434304769648 25.509328600413653
5.975336217621276 -18.702962879306043
-9.112825140617119 -9.631552982941855
34.625814571911448 -35.928403853051051
-24.352639687606143 -0.468965095795078
-52.980148368707532 16.742665890388579
45.153470326291028 -42.257914674702583
-80.040968916395400 33.012361679796001
17.871260676601281 -25.855113781024080
-82.667233589098259 34.591342894059068
49.888346483211144 -45.104650032850870
34.989342422442704 -36.146966609812182
-44.381062837585063 11.572663546523529
17.996964667216403 -25.930690413418446
-53.475327172099881 17.040380753777839
-28.136512080951988 1.806001128425116
-68.504668407558569 26.076426404544407
-73.207498910411886 28.903895050431686
-9.165932070046409 -9.599623663407684
-1.773639524893468 -14.044069488100867
2.056260472825031 -16.346708750532841
-12.823390336217798 -7.400661024850649
50.972636323482568 -45.756554353995654
9.870994131130047 -21.045137575771442
-12.894256790512870 -7.358054199568947
-28.294392597585258 1.900923156830402
21.932835072784165 -28.297041945600295
56.220878290000996 -48.911939094601827
22.072520521402311 -28.381024607959670
-44.697070887876691 11.762656116637515
-16.569732051301727 -5.148259257499575
-16.658879251893097 -5.094661554076545
-32.104095735653345 4.191419522049252
-57.582174746325080 19.509528375091151
26.022879568424308 -30.756087102488234
2.088583921034726 -16.366142480131302
-74.659893081959154 29.777113632098150
-48.622673335177225 14.122834275137237
-32.288321567498798 4.302181065121978
5.930690110933853 -18.676120434794591
-36.124901906078989 6.608836728808228
-58.186728521264740 19.873002423827884
9.928468608001488 -21.079692782724820
-20.352905509280916 -2.873713252088777
-48.975394551973906 14.334899791984313
-36.336554965371732 6.736088261389142
