-3.128714040167075 -8.146397134846609
9.787400205427133 35.214843546791087
15.298518027423135 53.716453377777668
-8.213254535318793 -25.215925939998797
3.166384766078131 12.987148857548021
-16.373769841101247 -52.611941609411325
-3.120031831679050 -8.117249720636821
17.058386423584381 59.624582993461843
3.206722620736933 13.122568798188283
21.603397464806861 74.882834346137315
-11.977112518820718 -37.851734884612405
9.888832197725257 35.555365235220506
22.314459937608000 77.269972647684000
24.945052257854215 86.101246865653422
-13.850206311300159 -44.139978330793390
-1.564498172828706 -2.895101008782092
6.435325064896546 23.961448432152679
17.317864252617674 60.495687133787897
4.795132749094883 18.455088514818527
-3.137396248655101 -8.175544549056411
-1.552666955514528 -2.855381922084490
0.006036933843308 2.377409706473969
-9.949015403959038 -31.043123141862488
-10.039846688027946 -31.348056738379533
6.505091948299956 24.195665826435558
-19.010656445376476 -61.464346638049598
0.021057696639350 2.427836553003530
11.512449428020460 41.006080222640122
11.633875011086332 41.413723251504109
1.582970643384705 7.671401445648655
-11.828504210465560 -37.352835563705810
8.105259052007902 29.567655388883679
4.841162720877961 18.609617705804581
-4.796706388846886 -13.746085733985964
-14.070553924752076 -44.879716747381970
13.278197565846895 46.933948971057447
1.601220175227702 7.732667731121580
-21.427392823352633 -69.577675906969560
-4.807389259386152 -13.781949656510662
13.421220576314859 47.414097649057027
-22.445220141627196 -72.994667618319866
-6.468707277986972 -19.359231576099120
19.180057548909311 66.747336057052678
15.103587508758217 53.062043779402586
-25.811499321327748 -84.295747721600307
19.574969241248240 68.073111024190524
-18.503395182698405 -59.761398113344647
-6.489060794486996 -19.427561238634922
-16.036493135587069 -51.479655526613726
8.181096177781775 29.822251453981664
-8.171089500296887 -25.074371893853822
