18.121162074857622 -4.788747887913587
44.425114362808017 7.114157896019265
1.149261593915696 -12.468769893256031
-13.417273242796327 -19.060330350092194
58.495607264210406 13.481252449167840
-13.505913379725214 -19.100441250043254
-44.366199197443954 -33.065151592139443
59.194192352961778 13.797371958602810
-16.393603046747344 -20.407161155232036
-64.166213524641506 -42.024934611709284
-31.405777958954573 -27.200379970253188
-1.717766239037644 -13.766140029955579
18.106285076850241 -4.795479937291226
29.150661239976060 0.202254527586938
15.322431296889633 -6.055212653362794
15.303873338002234 -6.063610388948710
-1.759286370541389 -13.784928469351129
62.486769941179261 15.287309302991730
-47.511745511141740 -34.488555231298776
12.516324034967766 -7.325015380824645
18.136039072865003 -4.782015838535948
20.804782699134975 -3.574372074693109
29.299230962731230 0.269484402129777
63.321890131526288 15.665212852813568
32.074113338178151 1.525157432359940
-31.551940263920805 -27.266520454623382
-47.889767525372875 -34.659615472375435
44.782759904497084 7.275997498683040
-34.466156875230816 -28.585244172590478
-34.618099056410848 -28.654000131671950
66.776222493162408 17.228346491319300
-4.630360078558411 -15.084129421023640
-4.675943016035802 -15.104756336865364
-7.551096579352404 -16.405803480042145
67.824882277612346 17.702879689869263
-37.560677612714287 -29.985558025865124
32.252921881967765 1.606070795750782
-16.486534192559404 -20.449213796633025
47.737931454403935 8.613253898361563
-37.760600424726853 -30.076025890518856
-51.106101689307913 -36.115051602424252
-68.163943395145580 -43.833963212328442
-7.600776541034179 -16.428284356557363
-69.541223242053405 -44.457201578806291
-51.560018897024641 -36.320455478541874
12.494055894543223 -7.335092025374301
35.059001281867296 2.875860915258386
4.019575146519074 -11.169912922524887
20.842397929595478 -3.557350657557350
23.535347812196392 -2.338753224648563
71.643353554183221 19.430791273122011
9.702781654345486 -8.598182603340867
48.145674452558751 8.797763299761229
-10.480044418216153 -17.731193284220723
-10.533856105373147 -17.755543824219131
-19.378533481343325 -21.757883865859270
-19.475792996746407 -21.801895154952284
-54.857411627316047 -37.812571741969833
9.676773723064798 -8.609951555484642
1.186752663997822 -12.451804660425566
51.168062618002551 10.165436156749763
23.597830674805493 -2.310478856652260
73.207638056262084 20.138651857861618
6.881744739336227 -9.874741207339476
77.751567832051364 22.194843544112629
-55.398007692830376 -38.057199011839444
-74.191546094730114 -46.561537618285698
35.270016754353179 2.971348363701715
38.109368679805684 4.256194765722128
-22.372139539274848 -23.112532417213757
-40.753545046676884 -31.430375132853786
-22.473765330292181 -23.158519507003724
80.449868607566742 23.415862330798362
-25.374497309430865 -24.471141240580447
38.354782364327761 4.367247885533786
-58.815122746758739 -39.603491298812614
41.229723131607528 5.668198735531895
-59.543608563748876 -39.933141305383572
26.316340242878198 -1.080315309088640
-25.480527838609568 -24.519121535907122
41.511986600746127 5.795926897544334
6.851967011942293 -9.888216044875278
-76.818361267356380 -47.750208171261825
4.053153078673475 -11.154718439259490
-28.385683999463630 -25.833745273500302
26.405107551678597 -1.040146862089571
-63.179777758264038 -41.578558650387635
51.647789171298797 10.382519122207839
54.746892435042014 11.784906632616774
-41.006336173691167 -31.544766648430080
-28.496158297381449 -25.883736436245236
-44.054865680335929 -32.924268827414579
87.179300152460115 26.461024091336697
55.308607874938787 12.039090714357769
