-30.161758777761776 4.344367039185379
23.624093232533525 43.304631636386461
-46.466423008448757 -7.466062820222501
-47.100892781933801 -7.925646694605891
7.483431998887852 31.612998819707215
32.581040885356202 49.792677051572113
33.281452276423849 50.300026328435223
-15.331548467920939 15.086762968749575
-62.862963979619721 -19.343044421134795
-67.672108799499512 -22.826591630406700
-30.182222396805813 4.329544033082968
7.664237430132616 31.743966856442213
-15.224943204420072 15.163983448080337
-3.892313958838002 23.372875145200673
-34.190082227851626 1.426414796492089
-69.278283664012733 -23.990038807906661
11.420249745593821 34.464668084949366
37.691034093362234 53.494146490704694
24.028011181028290 43.597213227283305
-74.514762563929892 -27.783129293103066
-37.937062748587017 -1.287744170450850
51.977894874013543 63.842962312586735
-51.148668927109838 -10.857689671560333
-30.141295158717725 4.359190045287797
-0.180270420023234 26.061727195752397
-51.943307543790020 -11.433293284924822
38.829713833781511 54.318959379598141
-11.557239078876989 17.820717846710892
56.361012393368725 67.017912823401701
-38.314729575789812 -1.561310526052871
-26.477790288453939 7.012882675671186
11.630227355094547 34.616767250805665
-42.101728344201661 -4.304457069838378
27.999249489634551 46.473815335440406
15.416070128479006 37.359076439218768
-42.562849510689709 -4.638474325050879
-11.449557250792992 17.898718145258925
-0.069324145801417 26.142092125156665
3.643826130631368 28.831745851034256
-76.648686712256819 -29.328856400545007
-56.168908588958679 -14.494145324053406
-83.183401660526584 -34.062335818201944
-22.791774285550588 9.682881447005016
28.502910207225796 46.838646496259713
-7.780775638919707 20.556233030782515
-7.672015401442337 20.635014484852668
-22.728289414645872 9.728867282980879
-26.456303339239064 7.028446940166575
-19.062711533448237 12.384061517438134
15.656561611583996 37.533278603262772
-33.850768733265269 1.672199571416826
19.473628174875856 40.298205024108796
-57.162532040997910 -15.213885388671564
-4.002154455793857 23.293311195482651
-18.998176949314569 12.430807722611888
3.755957442458595 28.912969173062962
43.814413392723424 57.929671239600950
45.755781031329263 59.335918311155169
19.746211257407083 40.495653026198724
-61.612840148048605 -18.437506004676234
