1.796793596665719 0.390380789997158
1.691650089987686 0.074950269963058
1.601567680212181 -0.195296959363457
1.796888320545609 0.390664961636828
1.150561282801190 -1.548316151596429
1.796698872785829 0.390096618357488
1.744506014966373 0.233518044899118
1.360459184722462 -0.918622445832615
1.744221843326702 0.232665529980106
1.726887373306811 0.180662119920432
1.433980608052076 -0.698058175843772
1.431511415118023 -0.705465754645931
1.511295822676897 -0.466112531969308
1.584043762432510 -0.247868712702471
1.726603201667140 0.179809605001419
1.813941634993422 0.441824904980266
1.691176470588235 0.073529411764704
1.338665425224163 -0.984003724327510
1.583380695273278 -0.249857914180166
1.896004909121160 0.688014727363481
1.638225821729658 -0.085322534811025
1.412256729133788 -0.763229812598637
1.510443307757885 -0.468670076726344
1.492919389978214 -0.521241830065358
1.333096856983265 -1.000709429050204
1.814515730346771 0.443547191040312
1.565856777493607 -0.302429667519181
1.832130291464215 0.496390874392645
1.491952444361073 -0.524142666916781
1.310140196800210 -1.069579409599370
1.303246509057977 -1.090260472826070
1.779364402765937 0.338093208297812
1.900571267249136 0.701713801747407
1.124718763537254 -1.625843709388237
1.069933623954007 -1.790199128137979
1.833322921882510 0.499968765647529
1.474080507808502 -0.577758476574493
1.779269678886047 0.337809036658141
1.565193710334375 -0.304418868996875
1.278760874475145 -1.163717376574565
1.637562754570427 -0.087311736288719
1.270076021196586 -1.189771936410242
1.620228284550536 -0.139315146348393
1.409213246177067 -0.772360261468798
1.851623771104443 0.554871313313329
1.619565217391304 -0.141304347826088
1.602230747371413 -0.193307757885762
1.673842000568344 0.021526001705031
1.853583796648650 0.560751389945949
1.923271010660676 0.769813031982028
1.243452246393519 -1.269643260819442
1.547669792554703 -0.356990622335890
1.547006725395472 -0.358979823813584
1.232153288874529 -1.303540133376411
1.472738798754317 -0.581783603737049
1.709268731647248 0.127806194941745
1.761935208866155 0.285805626598465
1.872750505888948 0.618251517666843
1.454468801453280 -0.636593595640159
1.932896811548668 0.798690434646004
1.389336163327623 -0.831991510017131
1.385615059978310 -0.843154820065069
1.529482807615800 -0.411551577152599
1.202231297340405 -1.393306107978786
1.673368381168892 0.020105143506677
1.528819740456569 -0.413540778630294
1.364996449117064 -0.905010652648808
1.965398480182729 0.896195440548186
1.452703215578421 -0.641890353264737
1.708984560007577 0.126953680022732
1.186586542148259 -1.440240373555224
1.761840484986265 0.285521454958793
1.656033911149001 -0.031898266552997
1.875697908025610 0.627093724076830
1.655560291749550 -0.033319124751351
