-7.451823185509326 4.444646042734647
-6.576207223825207 5.340625166318389
-1.848878257273427 10.177892015813228
-7.428181921985455 4.468837103084653
-7.404538433447414 4.493030440193337
-7.380894554056866 4.517224177244131
-7.357248449217991 4.541420191497878
-1.798432842146994 10.229510580128661
-7.333601953092241 4.565616606138164
2.957108102992223 15.095645500736225
3.042327179818585 15.182846416558547
7.834431924888179 20.086395458025123
7.957056068754625 20.211871326167525
12.805733519695579 25.173308717828036
13.053813575919833 25.427158077685405
18.044157652245474 30.533556667413976
-7.309953231083725 4.589815298425947
-7.286304117353822 4.614014391544927
-7.262652777306485 4.638215762756147
-7.239001045102938 4.662417535243506
18.446418166831492 30.945172077688042
-7.215347086147091 4.686621586268089
-7.191692734599997 4.710826039013966
-7.168036155865394 4.735032770742393
-7.144379184104309 4.759239904637440
23.615127432456745 36.234083884374343
-7.120719984720324 4.783449317960603
-7.097060391874365 4.807659133895996
24.239544262515594 36.873022036062466
29.660466251709067 42.420011978492994
-7.073398570969829 4.831871229705300
-7.049736356167585 4.856083728572699
30.573220189239919 43.353992751780382
-7.026071912870904 4.880298507760017
36.328150781780522 49.242758939496355
37.634088789899693 50.579067598967129
-7.002407075240484 4.904513690451608
43.861236821825798 56.951033026984533
-6.978740008679537 4.928731153909311
-6.955072547348578 4.952949021317721
-6.931402856650777 4.977169169938733
45.749091607555755 58.882791412382630
-6.907732770746463 5.001389722957114
52.718323243716668 66.014098202872873
55.598982959337292 68.961750004903280
63.995900568246697 77.553944767508256
69.364015896378959 83.046899986992400
-6.884060455038721 5.025612557634801
-6.860387743687710 5.049835797156760
-7.475464449033197 4.420454982384626
-12.187702033392313 -0.401369522540975
-12.226674579031041 -0.441248406450370
-6.836712802096471 5.074061318785013
-16.954393310747093 -5.278914085415636
-17.008999326600005 -5.334790008613950
-21.752506365798567 -10.188611165003181
-21.823058099307772 -10.260803636500981
-26.610141100134079 -15.159214148974407
-26.790664051988742 -15.343935309011741
-6.813037464424951 5.098287245704697
-6.789359896076164 5.122515455177876
-31.729440521711545 -20.397567045472279
-32.076469846190761 -20.752666819357991
-37.199140589480983 -25.994469440399143
-37.767496440545031 -26.576042869394918
-43.196569386727852 -32.131373325954080
-44.131186988611162 -33.087726220904443
-6.765681931209855 5.146744070389929
-6.742001735228968 5.170974968602906
-6.718321142293092 5.195206273002412
-50.003145969370451 -39.096242387262791
-51.488423185035309 -40.616060933524508
-6.694638317805115 5.219439860850585
-6.670955095924398 5.243673855333185
-58.086248251889074 -47.367323792630685
-6.647269642053800 5.267910133712391
-6.623583790352498 5.292146819174178
-60.655678950190484 -49.996508693218168
-68.960307217941192 -58.494267850916572
-74.827028500521010 -64.497424512161032
-6.599895706223293 5.316385788980810
