-9.108972172478417 5.034012706753643
-9.139712850733616 5.008528206645707
-9.078231494223203 5.059497206861593
-9.170457655156710 4.983040285880435
-9.201203061957045 4.957551865735098
-9.231952596016328 4.932060024027919
-2.932507106013247 10.154398254082281
-2.844162343345303 10.227637435568667
-9.262702733544401 4.906567682035728
3.360808551198019 15.371654757469855
-9.293456999423370 4.881071917576492
3.510121806727426 15.495437767235160
9.777868248305069 20.691496993413537
9.991855174975171 20.868895481844703
-9.324211869863490 4.855575651926642
-9.354970869747348 4.830075962903749
-9.385730475285555 4.804575771784002
-9.416494211361112 4.779072156384572
-9.447258554185083 4.753568037981267
16.326271039775051 26.120224696186568
16.609027947735086 26.354634568070537
23.024770431961002 31.673384814060938
23.451531084213357 32.027176028363399
-9.478027028640909 4.728060494390959
30.067020302343607 37.511519421632002
-9.508796110940040 4.702552446889086
30.839643223400984 38.152035832871292
37.872324295734757 43.982237758122082
39.141972643701081 45.034795974052699
-9.539569325966312 4.677040973292179
-9.570343149931659 4.651528994875306
46.780775390002020 51.367482188602708
-9.601121107720317 4.626013589454658
48.812565476465124 53.051867752509935
-9.631899675544673 4.600497678304933
57.450763982781780 60.213068586762091
-9.662682378289290 4.574978339242037
-9.693465692167067 4.549458493540243
-9.724253142062977 4.523935219015144
-9.755041204190306 4.498411436940671
60.875870317809500 63.052534978494919
-9.785833403434467 4.472884225132049
-9.816626216009197 4.447356504862839
-9.847423166800283 4.421825353947952
71.657943132632511 71.991040938969974
-9.878220732021930 4.396293693660567
-9.909022436560335 4.370758601815268
-9.939824756630145 4.345222999684850
-9.970631217117912 4.319683965083584
-10.001438294238810 4.294144419283882
-10.032249512879744 4.268601440099701
-10.063061349256344 4.243057948803028
79.072125446705968 78.137513323694066
-10.710680033471235 3.706171992977218
-10.093877328255900 4.217511023207550
-16.876486247323896 -1.405377199854001
-10.124693926094565 4.191963584584812
-10.155514667659915 4.166412710748247
-10.186336029168672 4.140861322968988
-16.956324047317807 -1.471563977051034
-23.172284213678367 -6.624691576106414
-10.217161535508737 4.115306499060125
-23.303503971947080 -6.733474795396546
-29.582146161818258 -11.938566766274199
-10.247987662897287 4.089751160292408
-29.889844036292473 -12.193653087081842
-36.393622843066474 -17.585386812904851
-10.278817936222680 4.064192384478602
-10.309648831702489 4.038633092889128
-36.951255290632034 -18.047672779798575
-43.734683593529674 -23.671240284791438
-44.629725892497504 -24.413244263210366
-51.866500913491549 -30.412643244345325
-10.340483874225498 4.013070363336382
-10.371319540009765 3.987507117090345
-53.310188588801552 -31.609482767918387
-61.224372702135383 -38.170464416278037
-10.402159353944384 3.961940431963214
-10.432999792247983 3.936373229224472
-10.463844379809942 3.910802586686060
-10.494689592849440 3.885231425617050
-10.525538956256213 3.859656823829042
-10.556388946249882 3.834081702590765
-10.587243087720680 3.808503139713423
-10.618097856888568 3.782924056465447
-10.648956778644234 3.757341530657627
-63.544476451931764 -40.093866488648089
-10.679816329208080 3.731758483558067
-72.661163144862499 -47.651741467243518
-76.744875129336705 -51.037202179761003
-88.835263513291508 -61.060322083557729
