11.875507516629526 -1.423743970524256
7.062612775482364 3.415307807259580
11.899839654805803 -1.448208348581915
11.924171792982065 -1.472672726639573
11.948514082342470 -1.497147311050853
11.972856378057998 -1.521621901851788
11.997208831319455 -1.546106705402707
7.031542524990783 3.446546917808178
2.201099309342240 8.303242542237413
12.021561297304459 -1.570591521746323
2.147629672698059 8.357002774732919
-2.729521648373790 13.260660352984516
-2.834503445089098 13.366212702942846
-7.791047474029057 18.349694471170523
-8.019362565994797 18.579250406027370
-13.115816904858420 23.703402866297878
12.045923927210481 -1.595086557249672
-13.496329674590626 24.085983640213399
-18.758830131209564 29.377084642792227
-19.321474354927062 29.942786715551662
12.070286576221775 -1.619581611962104
12.094659395542521 -1.644086892257420
-24.784979578938490 35.435984902737076
12.119032240363623 -1.668592198191689
12.143415261895953 -1.693107736145379
12.167798315337137 -1.717623306181352
12.192191551904756 -1.742149114686853
12.216584826803171 -1.766674961731439
-25.587970130681157 36.243339533565290
-31.343996138227524 42.030648291152673
-32.513043212895397 43.206048882530695
-38.715993822075006 49.442711179803666
-40.433302592829875 51.169353150399616
12.240988291256656 -1.791211053709148
12.265391800476323 -1.815747190696300
12.289805505693252 -1.840293579093768
-47.328763775814451 58.102289665900400
12.314219262125206 -1.864840018984580
12.338643221010173 -1.889396716776531
12.363067237572565 -1.913953472559371
-49.959974724655240 60.747800674245752
-58.142022445262597 68.974316045508601
-62.786497230298721 73.644032541332962
12.387501463057305 -1.938520492747827
12.411935752695470 -1.963087577438372
12.436380257738833 -1.987664933052628
-74.857872019935940 85.781012628739944
12.828153636607752 -2.381567515067573
12.460824833425320 -2.012242359693943
17.761646093325751 -7.341872430789479
17.897120982065886 -7.478083596098855
12.485279631013540 -2.036830063790788
22.949360382946168 -12.557780819810006
12.509734505748256 -2.061417845453420
23.212340473870000 -12.822190150358423
28.401976007124532 -18.040030224554556
12.534199608894909 -2.086015911117158
12.558664795705127 -2.110614060899181
12.583140217451216 -2.135222501241714
12.607615729391711 -2.159831032268841
28.813592178518803 -18.453883440358581
12.632101482805794 -2.184449860429737
34.176639774987706 -23.846078034634374
34.843055556332736 -24.516115640878020
40.507764874114685 -30.211611422343566
41.526232159071590 -31.235613855588284
47.609200317460093 -37.351641623533247
49.135921152233699 -38.886659854148014
12.656587332958878 -2.209068785855408
55.854947115660806 -45.642202263028530
58.210206281142042 -48.010261750061289
12.681083431137125 -2.233698015002005
66.072896107223215 -55.915683586066812
12.705579632612810 -2.258327348007441
12.730086088679073 -2.282966991334945
70.269481683699567 -60.135076692850106
12.754592654615067 -2.307606745129277
12.779109481720937 -2.332256815860717
12.803626425282786 -2.356907003681073
81.788849789916043 -71.717050060513401
