-7.705102420885169 4.654653838168926
-7.679811053638147 4.678399621861956
-6.869489939932620 5.439201111952158
-7.654519686391154 4.702145405554973
-7.629224432326851 4.725894838537556
-7.603929177366410 4.749644272361536
-7.578630034692196 4.773397356316764
-1.793305328722923 10.205174441365713
-7.553330890225013 4.797150441955395
-7.528027857146881 4.820907178567651
-7.502724821378280 4.844663917705944
-1.662948857004423 10.327564684256956
3.531927897908588 15.204976748591946
-7.477417896100860 4.868424308660863
3.789484100559520 15.446793405525327
-7.452110967234773 4.892184702985134
9.121135854179059 20.452621996423659
9.526307574825935 20.833033223031009
15.017927837028608 25.989054469210203
15.597246554828502 26.532970376477863
-7.426800147961316 4.915948749969658
21.279419401256817 31.867899326735568
22.068446269237299 32.608707886117244
-7.401489324200284 4.939712801167516
27.983137304724281 38.161945580546686
-7.376174609132647 4.963480505869896
29.045455057832953 39.159343915409821
35.278740515867469 45.011706373231121
36.707744319578381 46.353382166715249
-7.350859888677803 4.987248215630274
43.369281299683649 52.607825220258519
-7.325541276016523 5.011019579740037
-7.300222657067678 5.034790949753116
-7.274900145011799 5.058565974961141
-7.249577625767358 5.082341006918426
45.307539737090423 54.427634530934881
52.588908355412002 61.264030622581259
55.457599471211211 63.957412836859390
-7.224251212514531 5.106119694916913
64.199135440760074 72.164743830491403
69.431280415609166 77.077146612433069
-7.983529789638553 4.393241475283801
-7.198924791171549 5.129898390511158
-13.061502456814239 -0.374410640008932
-13.163661408272475 -0.470326544433590
-18.322042727790745 -5.313473449981302
-18.508475230693435 -5.488512855484387
-23.755314909471963 -10.414712331670898
-24.035546760862005 -10.677818903253765
-7.173594474918133 5.153680742993529
-29.428021704281377 -15.740753711241950
-29.895178748869341 -16.179362269771772
-7.148264149672173 5.177463103918896
-7.122929928613104 5.201249122579924
-35.494373411437408 -21.436383925182902
-7.097595697658406 5.225035150531824
-7.072257569987201 5.248824837067573
-7.046919431516628 5.272614533742711
-36.191806365709375 -22.091195976693804
-7.021577395425396 5.296407889850599
-42.049678830736553 -27.591087346635980
-6.996235347630389 5.320201256947030
-43.040559352154531 -28.521414058411750
-49.235215395685053 -34.337507788170967
-6.970889401309918 5.343998284325693
-50.618064304182447 -35.635849263371298
-6.945543442380512 5.367795323542751
-57.279096005187995 -41.889817915982064
-6.920193584020097 5.391596023892234
-6.894843712144947 5.415396736930575
-7.730394270330038 4.630907601745690
-7.755692878316239 4.607155019803088
-7.780992048134991 4.583401910362156
-7.806297979673758 4.559642452417421
-7.831604476225991 4.535882463987818
-7.856917737681556 4.512116124065656
-59.303715103495314 -43.790710291615042
-66.834327226790492 -50.861118340708842
-70.057680653623095 -53.887489058123904
-7.882231567336135 4.488349250667738
-79.463780065465315 -62.718771283686877
-86.272825636457270 -69.111708514229321
-7.907552165081952 4.464576022784158
-7.932873334216993 4.440802258429613
-7.958201274635769 4.417022136591967
