0.801254686536168 -4.850536797176090
-3.471112538786841 0.035823322804106
-3.493605916352180 0.061549281576447
-7.767000678620747 4.949084608482408
1.917450035455161 -6.127143453724159
1.895986022555391 -6.102594792263943
1.874522009655607 -6.078046130803713
-7.790522330993298 4.975986618082160
-12.064946106814304 9.864698840727741
-12.089497512369334 9.892778591991288
1.853057894186250 -6.053497352033375
1.831593778716126 -6.028948573262156
-16.383060298131056 14.803380340976233
1.810129560675676 -6.004399677179975
1.788665342633763 -5.979850781096104
1.767201022020757 -5.955301767700391
-16.478661881555638 14.912721074114529
-20.850074519995019 19.912360678557164
1.745736701405562 -5.930752754302162
1.724272278218521 -5.906203623591253
1.702807855028595 -5.881654492877004
1.681343329266056 -5.857105244849194
-21.027821462229028 20.115652091531402
1.659878803499907 -5.832555996817263
-25.504421794861685 25.235596184542416
1.638414175160392 -5.808006631470860
1.616949546816556 -5.783457266119541
1.595484815898629 -5.758907783452926
1.574020084975601 -5.734358300780485
-25.826977299390535 25.604506971159239
-30.463300900140482 30.907128574412170
1.552555251477784 -5.709808700791953
-30.962675257310750 31.478269306265588
-35.796199684958836 37.006431975012816
-36.525052691526042 37.840030323841177
1.531090417974127 -5.685259100796742
1.509625481894929 -5.660709383484615
1.488160545809166 -5.636159666164971
1.466695507147122 -5.611609831527545
1.445230468477774 -5.587059996881777
1.423765327231422 -5.562510044917374
-41.633232348096172 43.682319631654906
-42.682093566898317 44.881915396871733
1.402300185977040 -5.537960092943806
1.380834942144887 -5.513410023650735
1.359369698304008 -5.488859954347689
-48.169507622676946 51.157939855876037
-49.677721431594890 52.882902954698352
1.337904351884575 -5.464309767724274
1.316439005455706 -5.439759581090058
-55.737551058736358 59.813606300710433
-57.986996934880295 62.386325835701427
1.294973556447559 -5.415209277134636
1.273508107429222 -5.390658973167561
1.252042555830869 -5.366108551878426
-65.060936140107430 70.476879058446229
1.230577004221615 -5.341558130576814
1.209111350031591 -5.317007591952290
1.187645695829943 -5.292457053314479
-68.822206815696347 74.778691627532965
-78.803715293410363 86.194668389469314
1.938914155874983 -6.151692238156414
6.230757726822446 -11.060327699539442
1.166179939046771 -5.267906397352888
1.144714182251249 -5.243355741377172
1.123248322873465 -5.218804968076839
6.293786790208529 -11.132414831915142
1.101782463482593 -5.194254194761541
1.080316501508719 -5.169703304120745
10.628420591545066 -16.089990017874896
1.058850539521060 -5.145152413464203
10.735526582773858 -16.212488486885064
15.115589816740659 -21.222021886212374
15.290116766459803 -21.421630553256421
19.811925711238317 -26.593280304470170
1.037384474949604 -5.120601405481281
1.015918410363668 -5.096050397481804
20.148380279345098 -26.978087624879720
0.994452243193194 -5.071499272155094
24.850119356117602 -32.355525730649475
0.972986076007501 -5.046948146810976
25.388112239202961 -32.970834956214162
30.317703612797651 -38.608870599067977
31.116142018641341 -39.522054644074828
36.347373729210389 -45.505080133408285
0.951519806236519 -5.022396904138773
37.500808147725422 -46.824277582129071
43.159819369380514 -53.296559877554955
44.849775481782743 -55.229383934254514
0.930053536449620 -4.997845661448366
0.908587164076650 -4.973294301428979
51.197967503373654 -62.489890976912385
0.887120791687053 -4.948742941390577
0.865654316710646 -4.924191464022357
53.817362024401973 -65.485725429106452
61.521130802487455 -74.296622654341945
0.844187841716874 -4.899639986634270
0.822721264135581 -4.875088391915540
66.436933063984057 -79.918887516293140
