-55.824163426840258 40.465186022906281
-71.133780752929468 59.535060236105132
-72.045204698017258 60.670342694021500
-64.150089045053448 50.836075828049026
-79.080073996172956 69.433074626811916
-57.898690177695848 43.049245659936936
-64.255426402272320 50.967285518619924
-72.286035825433657 60.970325326417360
-52.131824201972407 35.865956462105984
-67.973422420433110 55.598473541241241
-55.827804611045707 40.469721533056926
-80.258712817113576 70.901203684474794
-49.099406394591831 32.088734280982813
-57.927589061179908 43.085242514803049
-55.820522242634816 40.460650512755642
-58.622169477787828 43.950421630226948
-56.504194197726640 41.312241895413884
-55.171206804352636 39.651854089632224
-80.778204935235777 71.548290357925282
-56.513407965209538 41.323718693506621
-82.043644299685198 73.124539390835949
-60.934673208947146 46.830908733951702
-82.664787249298442 73.898243766669992
-84.051517217880374 75.625574078412384
-73.223748947260518 62.138353951850817
-65.028214362262730 51.929881047730753
-73.492755219409531 62.473431939966268
-68.812474434565104 56.643608506212665
-48.131602024582733 30.883223574480255
-55.160699895389769 39.638766536362695
-51.359242175643629 34.903617446854341
-68.988387263902013 56.862727995386727
-74.460766351802008 63.679200192595488
-74.762474277093418 64.055011818835681
-86.394458433960381 78.543974540547140
-54.495646959389909 38.810367265204981
-75.765926398532656 65.304925864838907
-54.468219704366888 38.776203491404374
-69.845456779841896 57.930305813487287
-76.106219892380309 65.728800216824595
-53.784907529732834 37.925060256333879
-57.195509418007504 42.173353836465495
-77.151896657954410 67.031309872188814
-65.145264862828441 52.075680794049468
-51.222843675394508 34.733717560579130
-47.772342783305625 30.435725221310513
-58.657717236280384 43.994700417121173
-61.667539027624194 47.743776683531884
-61.734099722420119 47.826685619154880
-59.359133280747727 44.868394086545422
-46.663723515031826 29.054813501180000
-50.408217984941395 33.719008367207699
-65.930247576441445 53.053466279427070
-66.060008378473555 53.215098155642501
-46.106225822475928 28.360386550803355
-53.737695661924569 37.866252491169199
-62.475867098921874 48.750641474095666
-59.401712329673764 44.921431147488370
-50.223338735964049 33.488720179885036
-70.040382132345044 58.173107568359619
-53.032848494144638 36.988284966390687
-66.858254324498958 54.209404509463610
-44.687400988363983 26.593078424102501
-60.110364843576981 45.804138664806409
-43.530632160804778 25.152190937142791
-77.538664606098621 67.513073456719326
-62.551633498798601 48.845017165170184
-67.001872581769334 54.388297426414425
-87.437457121457939 79.843148344272180
-49.351962962064405 32.403322286080225
-57.210580235106590 42.192126257764343
-67.814615948235939 55.400661970609669
-78.635830293110246 68.879718435277667
-89.364418596295678 82.243398602403389
-52.962076842199849 36.900130803441925
-63.302928452670280 49.780840704203335
-70.917554294755803 59.265725525046690
-63.388563508027147 49.887508931051357
-90.960378567024605 84.231348741381524
-84.820869691519476 76.583890317506714
-60.160395718248580 45.866457824485067
-60.876726312599516 46.758729266571322
-93.955579210684562 87.962212701028136
-52.231306395390128 35.989872878468411
