63.777465366692226 -31.004048230161217
53.020134454502923 -50.837877099510237
45.348931191618952 -64.981658115452561
65.365575132863938 -28.075970848782113
58.249571939975766 -41.196101735669671
70.484707473010388 -18.637570596637083
63.768969482261440 -31.019712517080471
65.560570493400888 -27.716448152792118
63.785961251123005 -30.988383943241956
67.379129160089676 -24.363480611084654
60.448783901705774 -37.141304681229983
53.771048044517428 -49.453380167920997
60.282676929685621 -37.447564410892141
50.458670835865597 -55.560575646372804
62.186131454958307 -33.938070129920618
67.947455051068687 -23.315629749592105
62.117817171054980 -34.064024590867376
56.338903738365275 -44.718896232389028
55.883429843951170 -45.558676225215024
58.522254719085261 -40.693342861686553
49.093406639561422 -58.077781508308625
