25.428585345315369 -52.118903463706637
37.403905711388092 -50.756441865171418
25.443493066354264 -52.117207375684245
-22.591840133175943 -57.582305164852350
48.946878106011866 -49.443169556801045
57.715734157956149 -48.445515275442119
33.887780000276038 -51.156480119729075
13.563208397748838 -53.468856529597439
2.927682298226188 -54.678886445111992
59.341769422240986 -48.260517251361804
34.144123811879368 -51.127315254935880
37.049187105680517 -50.796799071808806
-36.895245415960034 -59.209638700019404
40.454794687122060 -50.409334736195696
-0.325896874492756 -55.049054135421329
19.704685704424648 -52.770125578538511
13.300803209105482 -53.498711012137704
40.932019040985054 -50.355039749828052
19.576345999894770 -52.784727101808379
-0.878495025368906 -55.111924583724601
63.938459074472178 -47.737540584341488
66.404879521970486 -47.456929874745875
72.316612545450056 -46.784337494829032
-42.192341902312208 -59.812302372119355
28.119255360976140 -51.812779330188341
10.300646023357771 -53.840046260815583
-8.340503808678804 -55.960895642903580
-9.159939841321815 -56.054124892126438
16.682870986128634 -53.113924857865605
-24.032577266773849 -57.746221365680853
-28.271912127520459 -58.228540900735858
77.323501702906441 -46.214691423022622
9.978544964493310 -53.876692489069626
6.915290019002967 -54.225206524784092
44.119669564187987 -49.992372923834900
-45.226250487743890 -60.157477600401997
-51.648457487180394 -60.888147857822922
28.191126009796449 -51.804602430023159
25.413677624276488 -52.120599551729022
44.750911324808399 -49.920554998973898
52.595317005398044 -49.028077705972677
-12.753322248632784 -56.462952830682774
-56.442950566136496 -61.433629106326904
22.606668588695683 -52.439959861166358
6.526353379519591 -54.269456801132499
16.506776478699280 -53.133959562303673
-66.266345628891557 -62.551260879933771
-13.720729226187842 -56.573017097590238
-4.226796244428769 -55.492869033797284
-30.035753538785229 -58.429217468484545
30.931463672595072 -51.492827486351459
53.715996072456875 -48.900575297145622
-34.660537598161902 -58.955390505180098
3.392140739317497 -54.626043867981842
48.113801319752511 -49.537950748052111
-4.881561290674455 -55.567363260615657
-17.478048240672194 -57.000496506423779
31.072688694733088 -51.476759968862702
22.552567738786294 -52.446115047682994
-18.628453424307395 -57.131380928514012
