-8.663819045682336 24.004822160092072
-13.026174282292200 26.437674118970648
13.958153384384950 11.388722151016086
-8.654819558948709 23.999803215567550
-7.037720111043194 23.097959292697166
18.675514096323155 8.757886369358239
32.719043039439150 0.925918304928164
-0.116292205833883 19.237932191715050
-7.013703993869623 23.084565688888830
5.535918587104632 16.085737711037801
-5.381161768755710 22.174109447959914
57.727727094870289 -13.021232418293046
1.608220700066358 18.276184609578376
1.722765602666847 18.212303798512721
-5.341258545922432 22.151855727533665
43.805199770217158 -5.256746025698035
3.468845601241334 17.238528414692333
20.782663573104813 7.582745314999240
15.949857156450882 10.277964278133162
16.273575579105469 10.097429003960414
26.064152035555487 4.637299826324824
-3.692363161496754 21.232279455450112
-15.377125778736474 27.748781684295341
7.351774852892277 15.073048639733155
9.599123819737841 13.819719408223129
60.502824741913855 -14.568883029144260
11.495632860047529 12.762050904973496
11.744136120308397 12.623462548289549
46.900312106929604 -6.982866367326125
48.385624720236365 -7.811213786285663
35.241183579520580 -0.480660073194166
26.637565437174750 4.317511583114079
13.674328414164272 11.547009153639156
-3.635617483619310 21.200632827403076
18.307347581492671 8.963210002629090
65.759570483727131 -17.500529692847827
28.934630284963411 3.036456187231941
3.605734644642297 17.162186448180258
21.201872565245935 7.348955684766690
51.819323589857916 -9.726161232805381
36.106780857454069 -0.963397016657076
38.760537983966742 -2.443376952596836
70.970126836958968 -20.406416889842497
-1.969365450507780 20.271376885860107
29.587640307193240 2.672277520988384
-1.894722221734465 20.229748931351914
39.774399264932278 -3.008799590058388
-8.672818532415961 24.009841104616594
-10.505438883546681 25.031879377362571
7.539270725652386 14.968483633770784
5.374983645005898 16.175489890285171
-16.255228885482314 28.238493032288215
-19.585311667903518 30.095654584023116
-0.210003043388518 19.290194004966672
42.596904436510698 -4.582889012669433
9.382788241593410 13.940368096034444
31.971315077575738 1.342920437505839
-10.650579850169949 25.112823377979396
23.363358683092642 6.143511503659873
-12.654906824479468 26.230621113652010
23.840568833631423 5.877375073551708
53.731667546501669 -10.792660747087474
