88.507748803013982 89.244321610915819
-18.693203268574777 -8.658588699361658
63.514141112771284 66.418526832581932
36.809201675829428 42.029832142721773
33.649525920312101 39.144209896611571
80.643365085408959 82.062052807592892
-41.081537641963756 -29.105077744446490
-44.555581699279983 -32.277801653934269
88.521776464349017 89.257132587339157
60.701643807246427 63.849970619883209
78.009233069411778 79.656391425636286
69.639140309200741 72.012276098708838
-1.431595703393910 7.105838617818833
-50.871611028950433 -38.046012113174122
60.430037576473495 63.601922072391602
33.020120451443034 38.569395718409709
40.985861328851314 45.844230499308097
-55.384481089984952 -42.167459770955645
-2.817086715356751 5.840517744648679
16.622205160991371 23.593748590905392
-20.733084874914482 -10.521541799029052
91.043225245067561 91.559884279934153
69.449501667067977 71.839085706148808
-25.403725723530400 -14.787076043428272
29.805405520537903 35.633508102940240
77.918977878694903 79.573964491257072
13.080186001380667 20.358945378811924
-6.828402775034590 2.177121955453103
91.135148764086665 91.643834840670991
57.587443069735599 61.005879130013653
-8.373155781504508 0.766352628115783
40.456805125899535 45.361061824163343
57.284840913927866 60.729523079556571
-12.558725238814304 -3.056182743611032
75.263711386124839 77.149001725083423
66.723825997132849 69.349820681055007
66.508529449803490 69.153197813851136
-63.162964042553718 -49.271278385801615
-27.754172322398574 -16.933657376068084
-69.964296562191549 -55.482699411389220
88.493721141678918 89.231510634492480
37.385866491337680 42.556480111986971
75.151822098842530 77.046817120881713
72.474401888802646 74.601622133141177
85.945867995414716 86.904644750914457
93.880758115840536 94.151304605793143
85.914095575304600 86.875628101936343
54.410306119943471 58.104310180968781
12.095237976012641 19.459426518909495
54.074770364227618 57.797877016309940
-32.782957411720517 -21.526272330091700
72.339818123001066 74.478711449067305
83.348123756415561 84.532215063257070
63.756506257147521 66.639870510354115
29.118490383621008 35.006172340143664
25.843604750376599 32.015332909782714
51.166256079565500 55.141631827766446
-35.552680078778366 -24.055763949496573
25.093646103311869 31.330421696391966
21.752608004450238 28.279167514268337
94.415463837482264 94.639632790353716
50.795638383485027 54.803159544101106
8.459470950417511 16.139006633289455
83.297845430667593 84.486297612701520
20.933123684433625 27.530760915885807
47.850878772943531 52.113812756922925
-82.163749497276143 -66.624036530675667
47.442786607364837 51.741116340399515
7.374697788687314 15.148320939668508
3.632341917565938 11.730557159409713
17.518889896808645 24.412659650656863
-14.295233837515312 -4.642075800587961
80.712966480128586 82.125617346648056
2.433416045887299 10.635619756192980
44.459252301286710 49.016357969032271
44.011008239960972 48.606992219148054
