89.188853222289765 85.650169807510224
50.308818947590140 48.805739421538306
-53.148463728617187 -49.234931596228847
30.680401226528886 30.204987549747273
-15.193111603740917 -13.266770682079098
-33.543528947937446 -30.656433191500930
89.215438492126651 85.675363178402762
29.258870392372458 28.857882413714208
89.162267952452879 85.624976436617658
12.781721208129809 13.243411197232959
-19.094986277367127 -16.964358723578272
84.317415074675296 81.033780777571877
94.011780786878546 90.220588075523665
-70.603388834299494 -65.775986277529881
44.636593855210975 43.430489464885795
79.309284580470120 76.287856068403613
68.318818138564353 65.872806717697131
5.786565877057754 6.614494365169904
79.086713094689713 76.076937539993907
43.679345726423463 42.523359039176142
37.842885951942861 36.992473074877779
-28.271806941680254 -25.660717573005897
3.378997625828958 4.332976807722730
74.094297435186121 71.345904899312501
63.085700328124148 60.913674132934403
-44.819361933259572 -41.341908428900432
22.997896016182750 22.924707743084170
36.708556523035725 35.917532621306108
94.449257775885627 90.635160510132465
84.223902005967801 80.945163681048030
62.590469299706058 60.444371430611483
57.250079164165157 55.383582872847597
56.576702723133252 54.745461742864507
21.320249501025529 21.334896124008480
-4.092704895279354 -2.747537099714989
51.113196982501307 49.568003423208040
73.790282312766237 71.057806799008858
68.712483707347843 66.245861523717082
14.775697264130500 15.132990601087016
-7.057578575746746 -5.557181791676243
