87.329707148909932 89.469550581992024
-25.211131052192542 -21.256112809415249
39.713445800340935 42.621293448722554
69.262769920081467 71.694015566531760
83.898063908067996 86.093256425679812
80.464328790669356 82.714904132755350
23.206701491267566 26.380786951085838
-0.415136979367347 3.139945875138579
53.320749960240988 56.009124960882275
-28.876945121601885 -24.862800845447019
-40.916708876587279 -36.708374862448778
52.803662224291969 55.500377349706611
87.348395072573254 89.487937087531748
65.622299574662890 68.112262484748953
38.914168019923807 41.834907245408900
18.675373936625945 21.922545324744874
34.797598296167649 37.784733807519785
48.932221853429013 51.691379565470470
80.377160484096635 82.629141766611184
-49.901355323321447 -45.548107656816256
65.323109640626825 67.817898194810255
61.632079325805165 64.186400627001859
-57.281899015388056 -52.809610321591478
17.395359252329840 20.663176038582591
48.345684778465369 51.114302765909457
76.906672684469868 79.214629576655852
33.901171512004055 36.902765519874961
90.681464445775958 92.767247277295724
61.280331372026723 63.840326027316621
73.271920598924510 75.638502524748304
44.401389697643395 47.233625347681397
29.681454799818468 32.751108754660109
-2.414074185931341 1.173249591261097
76.781576168741054 79.091550746664609
-36.104861841343478 -31.974138263257295
90.736287874946527 92.821186457608661
28.675239206941001 31.761122445538717
73.065730679871336 75.435638249550834
12.703351085064654 16.046845422402328
-15.968885016380355 -12.162935258051633
43.738304798316136 46.581235366085252
11.248541355431897 14.615500365828154
6.365427722372331 9.811146630076010
-18.853441653362893 -15.000966787986073
94.327007076476264 96.353990833307307
57.534609814196443 60.155019333322315
24.338346909188601 27.494180023556538
69.513274458030452 71.940479708707386
4.700495768204249 8.173068417104176
87.311019225246611 89.451164076452301
83.949595562796276 86.143956924686677
-7.827617125832987 -4.152978139932458
-10.165351171619335 -6.453006797883546
57.125889061170341 59.752890850506304
-71.228886343577329 -66.531646241261555
