90.226802313685340 86.944328253960521
72.443299252319548 70.802379321336190
-15.691471748335928 -9.196874356181837
-2.502050469044420 2.775061881944296
88.145653190669549 85.055285203838537
-17.362967524724155 -10.714078214749620
-21.148848733889352 -14.150493466145718
18.555722472905131 21.889040398483118
28.813146018730848 31.199624847771076
81.599804556648280 79.113668751419198
90.238331767622839 86.954793450611504
70.211317723521290 68.776426856734702
92.308568357211726 88.833931278084492
54.894122486134222 54.873126564337213
79.454516807728083 77.166407563937810
70.049532172263156 68.629575356361926
79.355382066672860 77.076423722056916
-23.018988334778626 -15.848004796183673
11.101113839599890 15.122549485175284
88.099106199273336 85.013034857801955
46.625344686652312 47.367620561730547
28.213777990256119 30.655583098847856
86.017321663310668 83.123415048235842
-5.839960850429719 -0.254733695005442
44.116419216062894 45.090288211503264
67.800283881556851 66.587949984797746
10.149158243872833 14.258466713669179
7.133399867736031 11.521086033791164
-27.026925880318132 -19.485978875981068
-29.147530116934163 -21.410835029217161
6.105493905517150 10.588063698854029
92.425371606385596 88.939952688873092
43.729848787686564 44.739401207284715
67.620852442231836 66.425081447564281
-7.164847200365557 -1.457322843408733
65.353565056688410 64.367082128378712
25.489056616617844 28.182374467391583
-33.440969834023683 -25.307957233959961
41.190866586509145 42.434786593908314
24.844469464325371 27.597287667618403
52.494077573910232 52.694624259395454
-10.626100090754989 -4.599075466992986
40.773283516479495 42.055749653419852
94.724134466055460 91.026522053804200
38.202280993013915 39.722070439812626
-35.891134897685738 -27.531953214822437
77.195724575443137 75.116119230017603
22.072631759339473 25.081311904631221
85.958397570768199 83.069930102697299
83.864017455427870 81.168877382619144
37.751614138151695 39.313003602322311
21.378894571573326 24.451611995735789
3.009249090992199 7.777626097977532
1.895850272283013 6.767002554841497
65.155686491954270 64.187469277312346
62.869528332230402 62.112341101562976
35.146404164158156 36.948274549005092
62.652338876360346 61.915199903157855
34.660341107663641 36.507078851571606
60.346412329959577 59.822128114886397
-40.570846248364177 -31.779691210053635
-12.084667893943333 -5.923006242194717
52.188969810755140 52.417680289762359
17.770814782940121 21.176585726053347
83.792272801061358 81.103755311732613
77.081940502665731 75.012838302419652
60.108978637135095 59.606611378322640
-43.482404633721544 -34.422490359839557
74.907344904421052 73.038974605551402
95.342520823930101 91.587826594028883
-48.726685128263377 -39.182683424115986
32.018475692097866 34.109077935904210
49.764199549782660 50.216734975956570
14.890215120282875 18.561887570718298
57.782312600966634 57.494714514723540
57.523623637044210 57.259904532086267
31.494421471006092 33.633397950605513
-1.291435412571431 3.873927856281313
-52.351352061162594 -42.472765717055275
74.778324335298208 72.921863627424528
-58.536717759977037 -48.087174582133002
90.215272859747813 86.933863057309566
49.433675807635410 49.916721117699836
81.684840362876173 79.190855098610683
46.982766174668626 47.692049297006918
-63.486239347571342 -52.579817253949372
-71.744751225453626 -60.076004958488681
72.588183783176845 70.933889895498965
55.175164808515916 55.128226518499076
-80.699283685116200 -68.203965191105468
14.045047207845116 17.794735157890173
