0.492000317656701 0.492000317656701
0.675580535827105 0.675580535827105
0.700551194217401 0.700551194217401
0.156916321979633 0.156916321979633
0.243587571045931 0.243587571045931
0.131159278978206 0.131159278978206
0.550176890604389 0.550176890604389
0.471975241570846 0.471975241570846
0.620630197989217 0.620630197989217
0.642943531802909 0.642943531802909
0.551461299260790 0.551461299260790
0.492105738767329 0.492105738767329
0.571444289738246 0.571444289738246
0.734085653223394 0.734085653223394
0.379491992802507 0.379491992802507
0.743392533219361 0.743392533219361
0.210988059789442 0.210988059789442
0.647021696095499 0.647021696095499
0.573257358977512 0.573257358977512
0.707315031506040 0.707315031506040
0.471224925952780 0.471224925952780
0.450616997112303 0.450616997112303
0.772846269219736 0.772846269219736
0.195902792866530 0.195902792866530
0.449359950494726 0.449359950494726
0.428207415197390 0.428207415197390
0.510803056091789 0.510803056091789
0.785542196863898 0.785542196863898
0.375848605263781 0.375848605263781
0.593810510768193 0.593810510768193
0.426362919199689 0.426362919199689
0.819468439342123 0.819468439342123
0.072540931953472 0.072540931953472
0.838460737387638 0.838460737387638
0.352361842636780 0.352361842636780
0.347667795147174 0.347667795147174
0.404574161171183 0.404574161171183
0.282886825490727 0.282886825490727
0.596240973886311 0.596240973886311
0.322997942102264 0.322997942102264
0.882239604977081 0.882239604977081
0.920265713125934 0.920265713125934
0.491894896546072 0.491894896546072
0.511011648052131 0.511011648052131
0.316957969242205 0.316957969242205
0.530081643926282 0.530081643926282
0.670354612743376 0.670354612743376
0.290738176713262 0.290738176713262
0.254125039125492 0.254125039125492
0.402037521510765 0.402037521510765
0.530685862838658 0.530685862838658
0.617465657573176 0.617465657573176
