0.494264205284007 0.494264205284007
0.626934011447279 0.626934011447279
0.494358011359113 0.494358011359113
0.547045990937848 0.547045990937848
0.765753728956807 0.765753728956807
0.369706518331324 0.369706518331324
0.630146892430681 0.630146892430681
0.564936178353902 0.564936178353902
0.436874833721978 0.436874833721978
0.250191448714013 0.250191448714013
0.393546782559142 0.393546782559142
0.476466761895248 0.476466761895248
0.776863703539381 0.776863703539381
0.805605047074840 0.805605047074840
0.475845744476629 0.475845744476629
0.292103148535937 0.292103148535937
0.221562649077816 0.221562649077816
0.457782511880391 0.457782511880391
0.511034868496387 0.511034868496387
0.566258919233035 0.566258919233035
0.417725216764097 0.417725216764097
0.820943650382352 0.820943650382352
0.415781194540255 0.415781194540255
0.209087952515655 0.209087952515655
0.285032930229256 0.285032930229256
0.348073193790391 0.348073193790391
0.176097655370017 0.176097655370017
0.731994742340606 0.731994742340606
0.456779860155663 0.456779860155663
0.396083713606487 0.396083713606487
0.650267008271486 0.650267008271486
0.511283928797624 0.511283928797624
0.528259021247969 0.528259021247969
0.584583704741673 0.584583704741673
0.654262269682969 0.654262269682969
0.855638034539189 0.855638034539189
0.343922157903231 0.343922157903231
0.675249179973005 0.675249179973005
0.586371941764893 0.586371941764893
0.528822660184821 0.528822660184821
0.605196966019739 0.605196966019739
0.680212018198653 0.680212018198653
0.702288477362521 0.702288477362521
0.157482866231127 0.157482866231127
0.607524733973383 0.607524733973383
0.259361214819352 0.259361214819352
0.880292016989844 0.880292016989844
0.932982331738754 0.932982331738754
0.494170399208901 0.494170399208901
0.438310606568332 0.438310606568332
0.114884489120295 0.114884489120295
0.372962899041900 0.372962899041900
0.321290152865013 0.321290152865013
0.546130224165329 0.546130224165329
0.708490843348236 0.708490843348236
0.077708314822542 0.077708314822542
0.316014538808973 0.316014538808973
0.740216634382486 0.740216634382486
