0.494683024975399 0.494683024975399
0.621918991074981 0.621918991074981
0.626444334465057 0.626444334465057
0.653716625952538 0.653716625952538
0.231380476521099 0.231380476521099
0.494808802507301 0.494808802507301
0.858909882646654 0.858909882646654
0.416804677270698 0.416804677270698
0.413794787202568 0.413794787202568
0.773855271411843 0.773855271411843
0.318955929204827 0.318955929204827
0.310897056399247 0.310897056399247
0.659713060517517 0.659713060517517
0.922492387160201 0.922492387160201
0.494557247443497 0.494557247443497
0.541844936011230 0.541844936011230
0.214830271732061 0.214830271732061
0.171599571696838 0.171599571696838
0.517209661138298 0.517209661138298
0.688681730836715 0.688681730836715
0.566012492788999 0.566012492788999
0.592865726467801 0.592865726467801
0.386901773660783 0.386901773660783
0.143919074231295 0.143919074231295
0.696663975720228 0.696663975720228
0.470228401770781 0.470228401770781
0.790089284380547 0.790089284380547
0.079186299895285 0.079186299895285
0.382730927550333 0.382730927550333
0.444448997888481 0.444448997888481
0.278540417460234 0.278540417460234
0.517746760048052 0.517746760048052
0.595938350658931 0.595938350658931
0.267498306171457 0.267498306171457
0.469466432355820 0.469466432355820
0.567890260927473 0.567890260927473
0.442657921210559 0.442657921210559
0.354530224938146 0.354530224938146
0.540706267230081 0.540706267230081
0.728000945424265 0.728000945424265
0.348871167698919 0.348871167698919
0.831946242610226 0.831946242610226
0.738875236428993 0.738875236428993
