-98.197224864102623 -98.188165692565448
-21.488107859814022 -21.093575738506559
-84.779799860244253 -84.703316442456540
-17.847865350366078 -17.435040553131742
-8.029766551891683 -7.567604574765511
-98.211674723055424 -98.202688163874797
-98.182775005149836 -98.173643221256114
-38.534799639119143 -38.225929285546876
4.541745552572877 5.067080957359678
30.008135301530388 30.661442514100912
-95.587520443024488 -95.565347178919083
-69.874454994601848 -69.723070346333515
-43.076223306467483 -42.790174177354260
-67.021381456460659 -66.855659755236843
-42.433756374055733 -42.144478767895208
-35.234066214907173 -34.908609261213243
8.913164125464391 9.460466457753157
32.948829538997614 33.616914109545348
-84.639020434759829 -84.561829582673198
-66.728539142734547 -66.561345872095018
-95.555569556307276 -95.533235734982185
-81.945913193838408 -81.855189139536094
-39.230881708277025 -38.925509254549773
-50.395292683444303 -50.146022797431463
-81.782932975452127 -81.691389925077516
-34.478320286303997 -34.149065614375871
-63.845346555578139 -63.663664879978029
38.729977951799555 39.427113519396528
-31.115168489052493 -30.769013556836683
42.319322995942713 43.034495473309278
-79.067094853671975 -78.961904375549722
-16.783116768379401 -16.364941475758187
10.760986737380421 11.317574610432587
-92.942457078895941 -92.906992039091392
-6.689806389776606 -6.220910944499110
-49.886313164654858 -49.634485592617949
15.357290618722772 15.936975496203786
-46.781488570237080 -46.514058864559885
-92.892279092264687 -92.856561901773560
-63.521503182073168 -63.338194152837360
-78.880832229714770 -78.774705758507309
-2.712292436906253 -2.223409484327902
-90.260557431698118 -90.211615509244339
48.919783692524589 49.668124314095053
-1.232364543516297 -0.736044767353064
-30.294030968781129 -29.943749717367965
-76.141137507236436 -76.021243725865759
53.590370394199482 54.362181300703014
-60.606383616817446 -60.408425745545166
-75.930420090569228 -75.809467427707773
-46.227635635906005 -45.957422749654278
-56.908853239701507 -56.692314813770359
-60.249640316923553 -60.049889765752312
17.456315608728488 18.046548350480890
-26.862270544515297 -26.494744265844517
-13.045730183539376 -12.608774053808418
-73.165646958526921 -73.030800963343637
2.896788632862908 3.413857922475287
-72.929200551498326 -72.793166383415397
-25.969034600066578 -25.597019698559379
-70.138019223349573 -69.987959018441785
-90.191374640184620 -90.142085065512177
61.712997241441997 62.525625368283414
22.335711153113991 22.950463470466318
-11.877559683960996 -11.434733350714566
-87.540238333250414 -87.477626465578297
-22.461379673668034 -22.071738365495506
-53.886765022766106 -53.655040223885536
68.765485178822274 69.613552943539958
24.757095828555634 25.384015908096117
-53.456855553681798 -53.222970405710349
81.489591864540074 82.401599863859389
-87.451216108131405 -87.388156892594381
-57.300597433184841 -57.086027571040042
