0.487536750885665 0.487536750885665
0.196875727880922 0.196875727880922
0.541128606754384 0.541128606754384
0.568781772311078 0.568781772311078
0.487390825485544 0.487390825485544
0.391696857478926 0.391696857478926
0.458799450675829 0.458799450675829
0.710681070992734 0.710681070992734
0.457752947300211 0.457752947300211
0.570714477197310 0.570714477197310
0.310724369277674 0.310724369277674
0.599421753305026 0.599421753305026
0.272185334067400 0.272185334067400
0.487682676285786 0.487682676285786
0.428170614734869 0.428170614734869
0.602529972942306 0.602529972942306
0.759354425452283 0.759354425452283
0.140511872239259 0.140511872239259
0.775588861706989 0.775588861706989
0.426026562328027 0.426026562328027
0.513456276247799 0.513456276247799
0.260203318948410 0.260203318948410
0.632559431919704 0.632559431919704
0.637559592916866 0.637559592916866
0.358943165393910 0.358943165393910
0.395219489008304 0.395219489008304
0.353575993301667 0.353575993301667
0.721243966219243 0.721243966219243
0.669357253878061 0.669357253878061
0.513661554409984 0.513661554409984
0.216338005037386 0.216338005037386
0.848474764744978 0.848474764744978
0.318664037548901 0.318664037548901
0.676423916824086 0.676423916824086
0.540148169428644 0.540148169428644
0.098057187693976 0.098057187693976
0.917776249154270 0.917776249154270
0.820954248920377 0.820954248920377
