-98.414295124983710 -98.406326758777595
-77.691084267382138 -77.578979163198142
-53.030307547368629 -52.794278942079025
-67.417660035724367 -67.253929684145106
-41.155155293468738 -40.859452556249984
-40.566513126140997 -40.267852388081401
43.887252105388967 44.610303623506496
-84.943714685716685 -84.868054960519288
-50.473785882264018 -50.224910434436197
11.220921760645922 11.779820864970787
-37.873849157097212 -37.561657444318811
47.314518620839550 48.054792583758342
-26.756501525410059 -26.388443744130711
-67.117796597770962 -66.952559394744668
-50.020418819082309 -49.769265144806340
-47.433235965815946 -47.169081372679344
-11.047227692752088 -10.600228836936779
-7.817177077665306 -7.353946811723929
-23.841087071833726 -23.458378966667055
-98.426331848068187 -98.418423967907728
-89.510998375100883 -89.458289824221993
-37.245787660041742 -36.930439859338435
-6.708615787605453 -6.239814861915022
12.869494040951096 13.436677428091556
-98.402258401899232 -98.394229549647477
-77.497404064740863 -77.384325693206904
-34.512248607580474 -34.183164429729118
-33.841764402927197 -33.509310957715783
-87.273189887426582 -87.209236067765403
-31.064154820356123 -30.717743538046363
-64.719908301985072 -64.542621409030218
-64.397797162928299 -64.218891621033464
-96.241640917119923 -96.222754690572799
-61.977101501751193 -61.786031660051449
-75.179369781272726 -75.054642996253989
-3.388129044207048 -2.902642255484466
53.192482587738510 53.962294058028647
-2.183228926851854 -1.691687363670198
57.607128361091952 58.399123980996933
-61.631599467007391 -61.438793434178280
-23.019717065079291 -22.632881472441497
16.718581550415479 17.305107085844696
18.552782094525327 19.148524718115894
-96.217514957143180 -96.198507494616251
-59.186904064239457 -58.981813129888899
-58.816766561585609 -58.609815639784536
-87.196001772196425 -87.131660072559228
-56.346771392765355 -56.127408434940058
-20.046385381504606 -19.644608423622728
-46.948251155407966 -46.681659452671319
-19.164318624444704 -18.758109170296194
64.875119500708877 65.703637689154647
-74.967569225472133 -74.841778116052396
71.464894079104226 72.326526712667572
-16.127280969731189 -15.705810019830352
1.240170835433318 1.748915412495805
-72.631016657751772 -72.493484078142487
-94.044604157817773 -94.014677545545496
-44.328443199120045 -44.048686632281452
22.607676026091070 23.223795001096548
-30.347842740430323 -29.997831899929977
-84.825929104916156 -84.749677492378055
-94.007974998491136 -93.977864320091598
-82.558268813156943 -82.470621922770789
-91.822345073850443 -91.781251330502968
-43.809771274493386 -43.527408316073760
-91.772774575804164 -91.731431734476544
24.671805450740493 25.298296935417582
-15.178241832098635 -14.752001841305159
-55.950639423337805 -55.729285852600810
-82.424806939113182 -82.336489386043411
82.934911395311730 83.854182306845956
2.555341730959597 3.070695206994571
-72.400285105224455 -72.261593070577334
-80.141157174144354 -80.041363994114931
28.985867039791316 29.634037225920935
-12.070676330967615 -11.628820433133285
-79.991382078110107 -79.890836259407138
6.097290936049603 6.630443151808649
-53.453922700045112 -53.220022814115694
31.345181058160620 32.005207093628741
35.999650177774612 36.683065505301101
-70.044373266617299 -69.893842479012349
-69.793837773279733 -69.642048013346468
-89.573974552262371 -89.521582464585293
38.757476065873561 39.454749814948286
-27.522527944249333 -27.158319541959131
7.540380773925037 8.080784697412085
