0.469853551062070 0.469853551062070
0.627646455614394 0.627646455614394
0.541492052352354 0.541492052352354
0.389162256892986 0.389162256892986
0.287029237290149 0.287029237290149
0.717134786243361 0.717134786243361
0.470247393169022 0.470247393169022
0.872149560972963 0.872149560972963
0.257100324500795 0.257100324500795
0.746959745773376 0.746959745773376
0.469459708955117 0.469459708955117
0.616424598367151 0.616424598367151
0.379390652885862 0.379390652885862
0.538301360601922 0.538301360601922
0.127657378485646 0.127657378485646
