-94.132769364203057 -94.103285793168894
-94.073288990336764 -94.043506522951517
-25.327847318277449 -24.952610370128099
11.936106521028165 12.498599518621262
-10.315298365103175 -9.864621472465501
-42.263745393306280 -41.973613460609329
-70.400773094551198 -70.252033260855470
-58.384808456267741 -58.175686890721344
42.128586933579328 42.842800938270699
20.297909297492225 20.902421404514797
-57.051046177119019 -56.835222288561830
-83.027016320956932 -82.941724945685351
60.006469202191312 60.810521811247554
-82.628533037912703 -82.541239234083122
-5.186068871679225 -4.709616956461531
-28.671169273165816 -28.312732937855088
-94.192249738069350 -94.163065063386270
-71.210177331450723 -71.065504855729358
-44.440612521443335 -44.161419619541043
