0.487796775556675 0.487796775556675
0.276825572582975 0.276825572582975
0.567564585656009 0.567564585656009
0.445476071136114 0.445476071136114
0.524636234213947 0.524636234213947
0.526082710523669 0.526082710523669
0.903417246324095 0.903417246324095
0.402822827289253 0.402822827289253
0.352161677302117 0.352161677302117
0.343390293847777 0.343390293847777
0.657885413426525 0.657885413426525
0.667860091002695 0.667860091002695
0.487589114084705 0.487589114084705
0.716303520781861 0.716303520781861
0.447500304324782 0.447500304324782
0.732434482248386 0.732434482248386
0.216238146871685 0.216238146871685
0.292515369726597 0.292515369726597
0.819120299837348 0.819120299837348
0.398310891267208 0.398310891267208
0.564307153387330 0.564307153387330
0.608364796923404 0.608364796923404
0.789522505506988 0.789522505506988
0.186346694242552 0.186346694242552
0.614114729056613 0.614114729056613
0.488004437028645 0.488004437028645
0.098323776912234 0.098323776912234
