-94.730751516032399 -94.704272880434559
-37.475493932725499 -37.161300434899999
-18.666350445804170 -18.257638638999168
-85.003471575399644 -84.928112136080046
-22.373033031961768 -21.982947770815841
-74.505422818357886 -74.377309365183805
0.457214477016620 0.962024600016704
-84.580412505163679 -84.502927140868024
-61.957916333758789 -61.766750084179684
-94.784106171826821 -94.757895650077216
-50.954232187196162 -50.707771042408197
-73.644810810235555 -73.512372673603579
-94.677396860237963 -94.650650110791915
16.584684840685085 17.170537528326719
-63.212882387281539 -63.028022499780441
24.701002947862449 25.327641153630594
-49.195668114376176 -48.940369964197160
45.342296949046357 46.072660250297872
62.178652709804425 62.993620813873804
-4.774521579451630 -4.296001587388574
-34.893303179932190 -34.566133849178087
