0.496922413727073 0.496922413727073
0.839626831258396 0.839626831258396
0.388614665549964 0.388614665549964
0.497025317520624 0.497025317520624
0.261113158828475 0.261113158828475
0.575573416362178 0.575573416362178
0.736658910008100 0.736658910008100
0.218578456537176 0.218578456537176
0.477382388716442 0.477382388716442
0.335056401767102 0.335056401767102
0.476665087153574 0.476665087153574
0.183909205715338 0.183909205715338
0.231416429913623 0.231416429913623
0.650796865401402 0.650796865401402
0.329322299812271 0.329322299812271
0.746099005368912 0.746099005368912
0.577597164301757 0.577597164301757
0.883051436785864 0.883051436785864
0.920852485977834 0.920852485977834
0.515426930475851 0.515426930475851
0.456792910345350 0.456792910345350
0.455611101030890 0.455611101030890
0.515845441433117 0.515845441433117
0.164655334505151 0.164655334505151
0.385268710449411 0.385268710449411
0.534620002920519 0.534620002920519
0.597846204058586 0.597846204058586
0.304490087862096 0.304490087862096
0.119946420817523 0.119946420817523
0.297205205809603 0.297205205809603
0.673832127568811 0.673832127568811
0.535434553891442 0.535434553891442
0.554630732930817 0.554630732930817
0.600488521585080 0.600488521585080
0.774844855739778 0.774844855739778
0.270559102758541 0.270559102758541
0.435241483214229 0.435241483214229
0.496819509933523 0.496819509933523
0.679259464035900 0.679259464035900
0.621410723090332 0.621410723090332
0.433525213740115 0.433525213740115
0.624789330793609 0.624789330793609
0.787604925069595 0.787604925069595
0.362811261824383 0.362811261824383
0.555895356723568 0.555895356723568
0.703606044488681 0.703606044488681
0.646521481628825 0.646521481628825
0.710544595790988 0.710544595790988
0.412579283717329 0.412579283717329
0.410239084756823 0.410239084756823
0.081297410308734 0.081297410308734
0.820724799803378 0.820724799803378
0.358542888497172 0.358542888497172
