-97.913756275721994 -97.903272638916576
38.039545492443068 38.733211550194056
-97.931361439483211 -97.920966270837397
-1.655899676361116 -1.161708217448350
-97.896151111960776 -97.885579006995755
-14.324849667241637 -13.894321273609691
3.527137676292512 4.047374549037698
-94.731830386964148 -94.705357172828286
-66.455422400673712 -66.286856684094190
5.399862332592434 5.929509882002449
-30.857611113215810 -30.510161922829965
-84.726718187211247 -84.649968027347995
-77.693684192724078 -77.581592153491542
-58.846020945362355 -58.639217030514928
-45.354887533451638 -45.080288978343354
-41.413476718345031 -41.119072078738725
-58.383194098053757 -58.174064420154529
-74.265655817258903 -74.136337504782816
-81.408284970064315 -81.314859266396297
-26.597160978348981 -26.228302490802989
-25.592198925566734 -25.218290377454011
-74.029087502120575 -73.898580404141271
-94.688092568933385 -94.661399566767230
-40.690664798395581 -40.392627938086015
-54.683519686116931 -54.455798679514501
-81.244655827830300 -81.150407867166138
-9.609506261738630 -9.155282675114208
-91.496984544145974 -91.454255823262287
-21.218525990456556 -20.822639186388486
-70.561862233926774 -70.413931893393752
-54.164232191060854 -53.933901699558646
-70.284811693173992 -70.135489138868337
10.856616826633569 11.413685252898048
-36.670260009422023 -36.352020109971882
-20.092707048627076 -19.691162862941781
42.203095059060161 42.917683476442392
-77.892274337603951 -77.781180238797944
-62.859202404400428 -62.672565230553197
-15.589644624459993 -15.165471984381895
13.037623907449301 13.605652168290746
50.471520709853451 51.227659004877836
-91.425776983190289 -91.382690435367124
-35.864299201047260 -35.542009247283673
-8.179047593604963 -7.717635772467304
-31.756213078010802 -31.413279475387739
56.314020882668927 57.099518475044164
21.430278756013934 22.040481161823038
-50.405735320047150 -50.156517909595124
-49.825094151467823 -49.572958946198817
67.209685696451402 68.049935373317993
-88.206487293633714 -88.147223410687147
18.845178152294906 19.442390102808943
-3.283458856474837 -2.797446086909389
-62.491442577622031 -62.302957364444254
78.127622188005660 79.022735867342362
27.803441650676305 28.445670000679712
-88.106354853239736 -88.046587792200739
-46.002525474160151 -45.731181381065475
-66.775747044900967 -66.608790999900464
-84.857363816523645 -84.781270167360447
30.963730343185347 31.621839540889795
