-97.857136035217039 -97.846367874589987
30.038076042274753 30.691533710828878
-97.875371990423844 -97.864695467762658
-28.538665402357950 -28.179563218450198
-91.131541528509942 -91.086976410562755
-11.267807806210612 -10.821917393176491
11.838061480446584 12.400061789393547
-87.756093365441799 -87.694566196423921
-97.838900080010220 -97.828040281417316
66.569012651067595 67.406042865394568
-38.758578491017744 -38.450832654289194
-80.478288295342793 -80.380189241550539
-69.320690636967853 -69.166523253234018
-9.666086142333924 -9.212146876717512
-76.958040152444710 -76.842251409492164
-37.913724916351612 -37.601733584272978
-33.746370470046742 -33.413437658338424
17.629704028559445 18.220808068903963
-4.810511763237699 -4.332172626369541
-76.741879431128808 -76.625004453395775
-68.976073888603281 -68.820174762415363
37.131736699027783 37.820840903545502
-27.435597810584298 -27.070952573451564
-32.806572867374740 -32.468917454647979
-94.560711541375753 -94.533378433543461
-87.648323070577760 -87.586254342289209
-65.325964416455861 -65.151723031613926
-56.529424303937844 -56.310979199937535
-52.668737517312877 -52.430891977198876
-23.051625474495921 -22.664950225624054
-3.006298521003572 -2.518892985933235
-52.103656261191752 -51.862971116775633
-73.181507666865329 -73.046741373733994
-72.923902265017702 -72.787841472379597
-21.824626755527134 -21.431785683946870
2.072103035077177 2.585028175956964
-64.932737666255974 -64.756520267593942
4.123129371189165 4.646361177074539
41.397117874299596 42.107656155074977
-61.232199247587509 -61.037386178479906
9.476969300909929 10.027104825035110
77.840854564029996 78.734527200030129
20.405769349874404 21.010823467210457
-17.307926173576703 -16.892388114147437
-48.177309008763714 -47.916893476144438
-84.240075087423335 -84.160879484847570
-47.543555163986042 -47.279954938679438
-43.545285607146887 -43.261593575021998
-15.938309298585480 -15.515888742296966
-60.786608255480488 -60.589556035658781
49.690902998118503 50.443118591073869
-42.836095053415981 -42.548839249664304
-94.514403462696407 -94.486837650951159
-91.207413165837707 -91.163229312399707
-84.098560562516809 -84.018653831675181
-57.031643254807072 -56.815721864127710
-80.655577729284389 -80.558369577170239
26.683046531796819 27.319644755574686
55.643094755146791 56.425220859444011
