-98.392858494372092 -98.384782406404113
-45.488344209236523 -45.214416290689975
-61.090568382616141 -60.895043600619239
-66.666069335390659 -66.498562146121273
-84.593418345511921 -84.515998337197914
-35.444263926005988 -35.119863242217079
-60.674586084681572 -60.476970939378461
23.788660959771590 24.410714532433758
-24.464301919674412 -24.084725547411466
-93.935943527525282 -93.905470881934960
-77.180344284099874 -77.065672647336555
28.190026947317392 28.834197937002415
-84.445660473179629 -84.367497962994605
-21.439375385703144 -21.044598377591100
5.000488200652711 5.528128844877102
-93.872952773822519 -93.842163591781429
-32.619229066387675 -32.280632227525302
-98.405133406298290 -98.397119001304816
30.584114739537057 31.240316321142757
-58.198084316706478 -57.988024438900979
-66.328585529877373 -66.159382442087804
-31.887056305752324 -31.544780206786257
-76.953752429832207 -76.837942140534892
-20.538514262548830 -20.139210314119424
-17.448288836631804 -17.033456117217895
-29.013151141915188 -28.656433308457480
-16.478757783451499 -16.059053048694977
6.520000099751471 7.055276482162284
-42.823125637507594 -42.535804660811650
-91.643116067586277 -91.601121675966098
-91.566335092628648 -91.523954866963464
-57.755454416524955 -57.543170267864276
-13.316190955226944 -12.880593924851198
-28.230036765247490 -27.869383683665816
-12.270307715421723 -11.829454990373591
35.334638822034492 36.014712383954247
-9.026993008373822 -8.569842219471184
-55.251554698913772 -55.026688139611828
-7.895527500030923 -7.432690954804940
38.137967812386535 38.832128454659824
-89.322456306874699 -89.268800308416772
-82.156001803276155 -82.066333470629303
10.218839799581872 10.772703316162691
-54.780740612377443 -54.553508153143163
-74.611298717439794 -74.483717303959594
43.377321877107704 44.097810931766531
11.893104783458966 12.455381691918561
-89.231373633122629 -89.177259932786569
46.778792001243175 47.516373870596141
52.773659469014291 53.541366300516870
-25.302968086157705 -24.927606116741416
-42.219996804978152 -41.929645030128796
-81.991839401715367 -81.901346132377256
-98.380583582445894 -98.372445811503411
-74.365685964041489 -74.236870315619583
-96.177087343885475 -96.157876727523089
-63.902096498498629 -63.720699998491085
-79.685440453597138 -79.583357239796129
-72.003782505088211 -71.863097995063526
-79.504190413254619 -79.401196395230770
57.172176238700132 57.961986169547885
-4.561293578850950 -4.081702089297437
-86.972925429280579 -86.907462742995563
-52.247832132135223 -52.007871489583138
-39.516594577309327 -39.212657866642544
-86.866997159847244 -86.801002170700741
15.761340781800612 16.343056062111174
-51.747143697540444 -51.504667032703964
-71.738274796568646 -71.596256076953409
-3.332993023695025 -2.847229169542743
0.104662581597026 0.607701087032183
64.570680575172133 65.397668919770979
71.165622742038721 72.025751499536398
1.443753842558436 1.953521449807468
-96.152234430732136 -96.132898925358930
-49.183451361209485 -48.928091820311039
-69.356013925354418 -69.202024045582334
17.622111468591612 18.213177355368444
-69.069668148539762 -68.914239345266097
-38.873911689403450 -38.566745416485880
82.807295111819087 83.725924735496591
-48.651022454791665 -48.392987391750417
-36.129501019226829 -35.808543737916409
-63.541139258903236 -63.357928903420337
21.697052667972358 22.308595646203372
-46.054582434834948 -45.783499934507489
