0.498914019284325 0.498914019284325
0.448274054184309 0.448274054184309
0.182017455438364 0.182017455438364
0.376711949797546 0.376711949797546
0.641339842788428 0.641339842788428
0.170086489721828 0.170086489721828
0.144844852887791 0.144844852887791
0.737555771139446 0.737555771139446
0.498976142808322 0.498976142808322
0.510115521106456 0.510115521106456
0.806817788824455 0.806817788824455
0.435499834117129 0.435499834117129
0.583530738477104 0.583530738477104
0.510301181441175 0.510301181441175
0.643967205397180 0.643967205397180
0.521573029845329 0.521573029845329
0.306164158673169 0.306164158673169
0.584877561368946 0.584877561368946
0.597209908152999 0.597209908152999
0.521895920529725 0.521895920529725
0.374516484618003 0.374516484618003
0.598789433102810 0.598789433102810
0.817238073643118 0.817238073643118
0.754388615933263 0.754388615933263
0.761036524580796 0.761036524580796
0.498851895760328 0.498851895760328
0.533310051641418 0.533310051641418
0.127893690260080 0.127893690260080
0.657481284157919 0.657481284157919
0.692270475583235 0.692270475583235
0.301865425479249 0.301865425479249
0.696446247018408 0.696446247018408
0.711432576006672 0.711432576006672
0.360360805674568 0.360360805674568
0.357793149199362 0.357793149199362
0.434560342613856 0.434560342613856
0.486913391258341 0.486913391258341
0.716249565441410 0.716249565441410
0.533780595234953 0.533780595234953
0.779066657573381 0.779066657573381
0.285631376164371 0.285631376164371
0.486703361348713 0.486703361348713
0.611366777905232 0.611366777905232
0.839573452209658 0.839573452209658
0.343238643242594 0.343238643242594
0.421566480130802 0.421566480130802
0.420396441922522 0.420396441922522
0.280588553437549 0.280588553437549
0.545348096019889 0.545348096019889
0.474611343013604 0.474611343013604
0.545978104757038 0.545978104757038
0.407160195173865 0.407160195173865
0.263523131251655 0.263523131251655
0.257543123798741 0.257543123798741
0.660490556513937 0.660490556513937
0.613204719422051 0.613204719422051
0.094796397707366 0.094796397707366
0.062669273597444 0.062669273597444
0.557711580943853 0.557711580943853
0.405734886058634 0.405734886058634
0.674415008470840 0.674415008470840
0.474241828288106 0.474241828288106
0.239410152565511 0.239410152565511
0.853469444875294 0.853469444875294
0.232198875789635 0.232198875789635
0.880697906128201 0.880697906128201
0.340242186867290 0.340242186867290
0.558514530754710 0.558514530754710
0.902250644867195 0.902250644867195
0.944270803675288 0.944270803675288
0.787116132436504 0.787116132436504
0.570428414989994 0.570428414989994
0.626055170878632 0.626055170878632
0.212624226536453 0.212624226536453
0.461983956742096 0.461983956742096
0.461441784951043 0.461441784951043
0.203693091263234 0.203693091263234
0.392229297712606 0.392229297712606
0.731946144784813 0.731946144784813
0.677866839197528 0.677866839197528
0.571419793138436 0.571419793138436
0.390519234110617 0.390519234110617
0.628182356042032 0.628182356042032
0.325224954501096 0.325224954501096
0.321727120504717 0.321727120504717
0.449003974162386 0.449003974162386
