0.499398128324222 0.499398128324222
0.327079824272798 0.327079824272798
0.627119862690926 0.627119862690926
0.499247571152177 0.499247571152177
0.470055721001755 0.470055721001755
0.468988746144608 0.468988746144608
0.659949091069868 0.659949091069868
0.318553279945966 0.318553279945966
0.555891048455368 0.555891048455368
0.401577493452091 0.401577493452091
0.587339724391408 0.587339724391408
0.279689761670152 0.279689761670152
0.267071034675976 0.267071034675976
0.144969797411700 0.144969797411700
0.438788842461731 0.438788842461731
0.100285938382287 0.100285938382287
0.222212621540539 0.222212621540539
0.713609447650719 0.713609447650719
0.558127909978258 0.558127909978258
0.844860254149610 0.844860254149610
0.499548685496266 0.499548685496266
0.526813843567025 0.526813843567025
0.667495463581818 0.667495463581818
0.753558707921708 0.753558707921708
0.591145079130089 0.591145079130089
0.436605805382133 0.436605805382133
0.405161043912509 0.405161043912509
0.368150512409408 0.368150512409408
0.362695119954818 0.362695119954818
0.201874190397948 0.201874190397948
0.769609643534877 0.769609643534877
0.916094023983512 0.916094023983512
0.621740652049652 0.621740652049652
0.527757900843919 0.527757900843919
0.702908652184804 0.702908652184804
0.817078043958984 0.817078043958984
