-98.522961026699647 -98.515538720301151
-50.866431695054196 -50.619529341763005
-86.415550049742180 -86.347286482152953
17.283944528014047 17.873311083431204
-77.918899531201248 -77.807939227337940
-24.417379819603624 -24.037567657893092
20.927201863497672 21.534876244721275
-61.272115318297089 -61.077502832459388
-42.923837643543884 -42.637022757330534
-77.769452803498851 -77.657741511054127
-59.044713761609934 -58.838908303125557
-68.810395182025331 -68.653663499522935
-42.437811298994731 -42.148554069341436
46.704775139795515 47.441985065121116
49.965306073303935 50.718900576184865
-48.521487295580009 -48.262801302090466
-40.010015757691320 -39.708558550443541
-68.574798282292477 -68.416882695771321
-23.677371207897522 -23.293840409947265
-84.384523169539690 -84.306053436723303
-58.735255720845288 -58.527895196829441
-39.493395591069046 -39.189342302581956
-98.533790730146933 -98.526422844368781
-21.021358026382970 -20.624480428525587
-98.512131323252348 -98.504654596233522
-66.429295336220093 -66.260598327859384
-96.568727180098222 -96.551484603113792
-1.244758961417645 -0.748501468761447
-96.548133176914675 -96.530787112477057
-20.233150521693119 -19.832312082103627
-37.034021836738539 -36.717609886169392
-94.594816893266014 -94.567655169111575
22.676235400505831 23.292698894980731
-66.176549648825940 -66.006582561634104
1.846378737666086 2.358169585594055
26.514761404572766 27.150513974444991
28.481950944262536 29.127588888706043
-75.686180057264636 -75.564000057552406
-36.484785115862998 -36.165613181771860
-56.487308244769999 -56.268651502281408
-94.564159139989812 -94.536843356773673
-56.156796846647403 -55.936479242861708
-17.526826041819959 -17.112387981728602
-92.600623591914655 -92.563440795894124
-64.013521971059447 -63.832685398049691
-33.991698283235706 -33.659998274608753
-92.559587012880769 -92.522198002895237
-16.686035871285611 -16.267372734960418
-13.924681127112919 -13.492141836294394
-75.522458383832046 -75.399455662142756
-90.585508881723641 -90.538199881129287
-48.120408726859459 -47.859707263175331
55.533556810442946 56.315132472806994
-33.407589107911861 -33.072953877298346
-13.026217104409298 -12.589162919004323
-90.533761610166806 -90.486192573031971
-10.204326229497212 -9.753091687936902
-63.742861667779941 -63.560664992743661
3.049881570757776 3.567720171615861
-45.749629855068392 -45.477014929716972
6.238730191056646 6.772593156840841
-45.321973648171031 -45.047209696654299
-84.298198293591270 -84.219294767428408
-53.887267337198189 -53.655545062510747
-82.254873882009122 -82.165702393979018
-30.878402430163476 -30.531057718757253
32.566374636556446 33.232537323172295
-30.256892283802017 -29.906424405831174
-9.242218908525885 -8.786149656809940
-73.424633337959733 -73.291088781869092
-6.353302301796148 -5.882715881202159
-61.561514815193021 -61.368356598183944
-73.246072911547657 -73.111631066882069
-27.688923419202084 -27.325551175077464
-82.156034681363067 -82.066366513932735
-5.320476148814947 -4.844699647050206
59.730910954368767 60.533578848611825
66.618016334331912 67.455292798323541
-53.534622725964731 -53.301128367803749
7.546933182571067 8.087370032734739
-27.027162703661389 -26.660465028805419
34.813634652247373 35.491090102761177
39.221036240906756 39.920639438097254
-88.548800161256423 -88.491256443473787
-88.485992259253862 -88.428132923873221
-80.099972706146460 -79.999972568991410
10.848346426773233 11.405373293239435
12.278015324013083 12.842226456294554
-71.133113136405655 -70.988053403422782
72.879127777088485 73.747867112651761
15.711034668559336 16.292497154330988
-70.939112032283830 -70.793077419380722
-2.356795464756289 -1.866126095232460
-79.988165985781919 -79.887604005810971
-51.242384955610056 -50.997371814683476
-86.489787999587136 -86.421897487022250
83.753106105317812 84.676488548058103
41.846403418766215 42.559199415845455
