0.496963001906573 0.496963001906573
0.681394067980350 0.681394067980350
0.319590390828061 0.319590390828061
0.687737161086210 0.687737161086210
0.255833382973217 0.255833382973217
0.455073668024148 0.455073668024148
0.536325077326218 0.536325077326218
0.453574831931186 0.453574831931186
0.556176174539140 0.556176174539140
0.845490831286598 0.845490831286598
0.871341807534094 0.871341807534094
0.557511115830419 0.557511115830419
0.497068045873485 0.497068045873485
0.713663513286479 0.713663513286479
0.432266560085691 0.432266560085691
0.244740520278254 0.244740520278254
0.629179656085698 0.629179656085698
0.603563179072928 0.603563179072928
0.430164797849373 0.430164797849373
0.625542175062978 0.625542175062978
0.212218843903811 0.212218843903811
0.515857417347849 0.515857417347849
0.292803356268171 0.292803356268171
0.721848312219251 0.721848312219251
0.600749972300384 0.600749972300384
0.196498036602660 0.196498036602660
0.928428631165316 0.928428631165316
0.516294450833756 0.516294450833756
0.284848228253897 0.284848228253897
0.408203094241586 0.408203094241586
0.749973076280553 0.749973076280553
0.157461164871473 0.157461164871473
0.476583474818913 0.476583474818913
0.475823330108170 0.475823330108170
0.131545312920065 0.131545312920065
0.577881192416283 0.577881192416283
0.405389923076260 0.405389923076260
0.535473577878682 0.535473577878682
0.760845574781575 0.760845574781575
0.382649716261556 0.382649716261556
0.579775230398329 0.579775230398329
0.378979687390243 0.378979687390243
0.792361253100635 0.792361253100635
0.355290170254966 0.355290170254966
0.652361633068779 0.652361633068779
0.350560450758882 0.350560450758882
0.325677654145710 0.325677654145710
0.496857957939662 0.496857957939662
0.657039866054453 0.657039866054453
0.807701395363555 0.807701395363555
0.072813127333171 0.072813127333171
