23.132047756307806 0.137934992206880
-7.109882564170910 -29.620124443144174
10.478987614291547 -12.312676187537114
-7.611595248079134 -30.113809724109867
70.312926991448123 46.563920159584953
18.997622879375875 -3.930339086694140
71.693513274751751 47.922417062355734
-14.018432084352643 -36.418137171002996
23.142842255884084 0.148556779789935
-16.783134393403483 -39.138604243109029
75.245733231177880 51.417801499479040
37.166076055600158 13.947418838710561
48.540497631922392 25.139849669811639
77.383674563238543 53.521535770226734
-17.655457314423241 -39.996969997392469
82.280929698797536 58.340434823616775
25.074814725142133 2.049617689539858
16.922953960961024 -5.971813302414354
48.841448010923656 25.435984842748880
39.236489515555235 15.984705683306345
25.087843684510318 2.062438185558150
-20.660076453575407 -42.953515230318203
51.108287607490524 27.666555005770675
-10.126409525494470 -32.588386973086557
27.023977083773786 3.967593450433412
32.989548880480271 9.837716098392590
51.463454636490908 28.016039362307055
-1.564848171727633 -24.163810600979993
16.895012399931858 -5.999307798467051
56.601657751028668 33.072031227012204
39.354538913402820 16.100866290788375
10.368251002945911 -12.421641013101222
-1.904268945218035 -24.497800642094546
-10.714524446248433 -33.167092055108455
41.454904692156632 18.167626217082130
14.810605006437200 -8.050364673665790
14.768874029724309 -8.091427954751282
57.125889642923710 33.587875408636933
34.988468384111812 11.804652889966022
-21.829182740776162 -44.103915816923745
35.054910517089610 11.870031948816177
23.121253256731521 0.127313204623817
-25.218247144618452 -47.438755190304555
12.666794606101426 -10.159874107596195
41.605030264981380 18.315349780741670
8.214517174993617 -14.540915099806284
59.603085915550835 36.025436540902021
60.218593958436401 36.631096455101428
53.788964630073252 30.304341195992080
-4.274097425657168 -26.829711866846651
62.795938298150205 39.167203285379799
63.536211806512043 39.895632417607843
43.739010479761930 20.415186312085737
66.299114971753554 42.614329132205498
27.041378567994357 3.984716510906452
8.073583666842751 -14.679593671826737
21.079702047221382 -1.881573185534165
5.887604010968992 -16.830597653206510
43.925149801088153 20.598347404270754
67.267333587598202 43.567056250196629
46.097766566548643 22.736202301483871
-26.910567167766601 -49.103998093082339
-31.081095507542074 -53.207797979421400
5.711721857127635 -17.003665692586409
3.488915428412824 -19.190907218441787
-13.325037127493985 -35.735836533454084
37.075812838200179 13.858599832788983
3.273714681617058 -19.402664753288818
21.064535041870414 -1.896497518799514
1.008437101895652 -21.631697891734674
28.982355780922632 5.894638088427868
12.604424488020719 -10.221246303787616
54.207747851939487 30.716423886308448
0.748289848907454 -21.887682788675065
46.324603267642445 22.959409615360173
29.005509955430497 5.917421796143614
19.018116267685315 -3.910173592597651
30.952952778529522 7.833705534073047
30.984407505577792 7.864656985488537
32.943301730661162 9.792208902970586
-4.674100787537512 -27.223315174936914
-34.160360559266003 -56.237794790317750
