39.987242297183769 16.723446420428829
-27.192094279501237 -49.381020771029213
69.748947006246070 46.008963854146131
23.702695243568819 0.699452119671719
41.274879837534655 17.990481760134102
37.086482323106679 13.869098605936969
23.934384570053552 0.927434416932698
76.286786223221213 52.442197643649664
25.713638361729835 2.678220147942156
24.977958179560851 1.954310848687882
49.690095626698806 26.271054096671620
26.178951068054332 3.136087850965453
23.007723343888827 0.015599770386608
28.279479078317351 5.203007413064284
14.596889990768581 -8.260660249083720
72.823567025625294 49.034389953215282
4.650429919868586 -18.047976958849311
12.259575098291748 -10.560578103280918
30.510466219632860 7.398298760118735
20.765461784129265 -2.190785604416803
37.937564606634609 14.706563572928445
27.111028193791540 4.053251742690875
11.597791572189621 -11.211773092965416
-2.603626020158941 -25.185968003836400
-4.089682428001311 -26.648247509153293
24.629844659955026 1.611767145395746
-7.522176515216103 -30.025821690972649
-14.917730270501846 -37.303046586173814
24.011665865220749 1.003479211377218
57.433068051411908 33.890138962589319
51.204186205397349 27.760919226110985
20.294367264652287 -2.654342611582152
35.229698937313941 12.042023754316929
27.772523969318385 4.704163585809297
26.605943040759470 3.556247952107313
23.509651182011240 0.509496763099058
33.568327308231119 10.407234071299428
67.240674708362079 43.540823913028291
32.611616387786910 9.465830525582305
48.468874596856978 25.069372603307272
45.939609339069619 22.580575589644511
8.327094318274490 -14.430139190817904
1.725501917285683 -20.926106113390887
9.047698322033554 -13.721064851118982
23.586863190366977 0.585473379321108
31.103402572146493 7.981748130992145
24.243409721737699 1.231515166189894
43.546501098468042 20.225757080892564
23.548255591047628 0.547483501590861
60.967756092685207 37.368271995202250
34.219972790831775 11.048453226178466
52.642197136577579 29.175921982392339
54.232339449249338 30.740622018061359
32.010960103611325 8.874784741953547
-19.067330456974943 -41.386253169663348
-9.227220590341819 -31.703585060896348
55.753008205243773 32.236960073959878
81.052769096465042 57.131924790921602
59.169095384180451 35.598389858033556
5.539481423663489 -17.173150279115127
64.952961244775949 41.289713864859536
-12.912875518744183 -35.330269510444282
0.590908504275085 -22.042546031793314
29.099257596332166 6.009669474790840
24.359384377257079 1.345634227220962
-21.925551621180318 -44.198742795241429
44.578614760173579 21.241356924010802
62.898434117573416 39.268059171692244
23.471046772974859 0.471510024607262
42.225441149571324 18.925834091178189
18.043323188504409 -4.869369982511664
47.061048422480710 23.684071647721012
23.664079985089344 0.661454705327913
35.977499929044356 12.777859930179645
39.111499249447050 15.861715261455899
-32.181541152426448 -54.290636493987627
25.287559523168326 2.258958570797631
29.609068910586032 6.511323808016655
15.217985446329934 -7.649502320811344
17.483192165596343 -5.420538909053199
