72.489018570167673 48.705194273044995
11.755777338904942 -11.056315098517537
56.612476732578699 33.082677104857439
50.228015755764986 26.800367503672746
64.507340665271713 40.851223214627367
20.709394072753724 -2.245956232410336
44.835579437771102 21.494210166766763
17.848581354985761 -5.060995946694014
28.850877131828383 5.765263097719128
31.741395127317460 8.609532805280381
29.261956637382582 6.169765331184450
23.551702931665190 0.550875684758545
-17.604219629284412 -39.946552115215859
20.011404538615537 -2.932777934002310
53.303041500413599 29.826192836406989
25.216100642045618 2.188643031772891
-22.343349920419872 -44.609856321693158
23.511153572988256 0.510975115820443
17.055991847547496 -5.840904022013262
-32.805233253694169 -54.904349521635055
23.997876771019754 0.989910742683442
-25.970877801596799 -48.179343756771246
58.369170109210799 34.811263387463427
23.754479760514613 0.750408084346375
30.704327161362414 7.589057926780626
32.325989478733547 9.184773647073811
66.785876650739695 43.093302624327862
37.732665308866061 14.504942663924211
48.682122268383267 25.279208312089125
10.845325093756571 -11.952200107743529
7.377530901721428 -15.364509592706113
0.271462643603293 -22.356880758694359
26.804845414203854 3.751967887576598
80.784647422481214 56.868093063721517
3.511318227788088 -19.168862863856525
24.687835178675073 1.668829815816274
-9.556773801323985 -32.027865420502799
8.354809944431608 -14.402867014679302
4.583184144042043 -18.114146802262624
-15.341345585269153 -37.719884055904842
27.540094770068890 4.475453253747787
36.243205582391028 13.039314293072778
33.544856164279508 10.384138465651034
-11.365036590429433 -33.807196004982558
23.632808403938128 0.630683469475123
46.015556501449126 22.655307597425931
25.500912904524668 2.468898298052274
38.615261324739066 15.373417143543236
43.545023494783081 20.224303118866558
41.435309503110005 18.148344551060248
69.548255029335763 45.811482948866399
-4.389631811897488 -26.943397702907127
26.111645037491144 3.069858716891289
14.057309970271206 -8.791606989253133
37.068462187876079 13.851366792870067
29.755307719518825 6.655222796006527
14.876295194273716 -7.985725528834664
27.172231026434986 4.113475330012037
25.785731481990254 2.749159778278411
-0.989216747565202 -23.597389279604158
24.931653831287797 1.908747369987189
28.358850149295819 5.281108546907092
31.201839669576572 8.078610234863348
26.437651426224960 3.390649003405358
76.235491144724890 52.391723286409302
24.281908476588697 1.269397940963280
30.167894609126378 7.061208295380354
-5.885918406805274 -28.415743712296390
27.990050798959700 4.918209986176350
39.472926577559150 16.217359752318202
32.954129602892436 9.802863529246153
62.164024701488913 38.545400306265094
24.403707714828172 1.389248391390922
60.268272206474705 36.679979851171112
23.876171591091797 0.870152845634330
23.470604214311322 0.471074546882342
51.680945897397763 28.230050763039401
34.264423653941563 11.092192875478503
42.454882225782626 19.151604110170098
47.400908571201398 24.018494034062186
54.895917855028486 31.393583169348034
34.863303090670215 11.681490241219493
35.634653689612193 12.440499230578396
40.374171266892589 17.104184526622305
22.821682015347271 -0.167464896898288
