23.392209604027457 0.393934250363017
15.830072676601318 -7.047208486224307
64.761248923117151 41.101068940347275
1.178543580945558 -21.464313116349572
67.398132468521226 43.695762349024889
34.119152013728936 10.949245581509274
23.402009332679341 0.403577183356475
25.156649148828805 2.130142762447548
7.670773360996357 -15.075959012779585
5.659280343824420 -17.055268141676770
21.516399134177995 -1.451863251968852
55.995028597337495 32.475108139780090
34.191743977690052 11.020676074047017
48.592909228564622 25.191422680907593
50.649495729387965 27.215103797717759
68.330474874896765 44.613187276898415
15.779033421550096 -7.097431113194702
35.996999405044633 12.797047414563920
25.168696460487979 2.141997317120172
50.957878591814676 27.518552534345631
36.087771246779567 12.886366906831100
0.920675631560336 -21.718055178544631
71.239695849438135 47.475860715847119
5.496285080165642 -17.215655481117011
42.041398986866369 18.744736603076504
58.243863768004445 34.687961947716374
3.453502569897566 -19.225753471220798
43.964214674205408 20.636787239418126
13.879136070351386 -8.966930106774235
-1.198607093865199 -23.803429380363355
44.156575175051060 20.826069972250238
19.639540439605810 -3.298692207427884
26.926860198779096 3.872030435598631
13.813317124852169 -9.031695949145465
26.942513202032174 3.887432990799667
28.704592880299600 5.621319394214808
11.896324031680443 -10.918017152826444
46.111607758223485 22.749822034091920
46.337706321804475 22.972303020655602
37.912628031179196 14.682025982680329
-14.754727072331480 -37.142651439174173
72.520540489609658 48.736211841775912
38.024611821877102 14.792218032727064
39.871606005575160 16.609660309485960
-1.500365441326238 -24.100359594265015
-15.438162291789901 -37.815151695121259
-3.666494570725781 -26.231830657594166
3.257141258539306 -19.418973001597323
-4.017928765760573 -26.577641905508401
-18.015437650018676 -40.351190647618381
40.007140163591686 16.743025920974219
58.730696993137229 35.167005841247033
-6.237317619693385 -28.761520537778289
11.811234818012188 -11.001744939076005
-18.886208180038611 -41.208028849157998
75.906469985834420 52.067966466061080
77.895107510296370 54.024785790131631
-21.688739868247691 -43.965720030355726
19.622515747693001 -3.315444504270090
17.740821514590948 -5.167031629642509
53.061332208089738 29.588350892760303
-6.646571573382104 -29.164226428207989
61.055338502900355 37.454453086853945
61.624652545881830 38.014658105147731
-22.840408952699537 -45.098962409456348
-26.003327275593005 -48.211274039183515
9.873504318505596 -12.908471750590493
-8.928022536891490 -31.409174176301228
28.724840730627264 5.641243278937225
17.718152832485636 -5.189337612834130
9.765913913164219 -13.014340709446408
53.420395178442817 29.941668855587736
7.803845358573071 -14.945016167164098
30.492062058739933 7.380189065800096
30.518481851484296 7.406186141860545
-9.403967223704058 -31.877503748124791
-11.758083364542422 -34.193954030709747
-27.647903389651614 -49.829536935417188
55.578035821255256 32.064787248115167
82.528473814643775 58.584018233609484
41.879411897026159 18.585341306673740
64.047171008221397 40.398416272089861
32.293674969038406 9.152976169533787
-12.313725646821435 -34.740706036472289
48.328440356361014 24.931185310659245
32.330882604639470 9.189588482965249
-31.543158533576399 -53.662467997039180
23.382409875375572 0.384291317369559
21.529258599703105 -1.439209537892147
-34.482245997292765 -56.554530061336081
