22.696503139815135 -0.290640910421907
22.706665780836623 -0.280640871656757
66.060909162302920 42.379934615706063
24.524843596481986 1.508446098938272
10.757380975819714 -12.038737119793403
68.863277969512353 45.137465522000156
-5.896636052000922 -28.426289875168905
-11.697211964328929 -34.134056572899667
51.045488953990585 27.604761130726743
51.403786482295459 27.957325898578731
-8.267944696247987 -30.759657581108019
53.590995643195669 30.109539712904535
-14.264647445235337 -36.660413086111575
1.997799431869382 -20.658165359040531
37.826748578628226 14.597520601370178
8.714023359169069 -14.049401014577633
54.006442077838500 30.518339004593074
69.979635558801633 46.235961389860805
24.535459960203156 1.518892600839905
56.254870128566040 32.730792206508980
73.138449258175015 49.344234070044209
14.865649405436578 -7.996200985050407
31.942856392743224 8.807770690459336
-8.718492638535370 -31.202996756318804
8.610203081081188 -14.151560168216115
12.888302040625305 -9.941910792024700
56.736141185702024 33.204362926730781
6.539286006878996 -16.189342569231066
6.405699380304945 -16.320791809779934
1.768352320659616 -20.883941316470938
4.303034675220687 -18.389813879582839
59.056508649746789 35.487604511350838
44.044788801989867 20.716072181158040
59.616395744364652 36.038533412454811
74.742415756360273 50.922537104258510
33.814646123624613 10.649611785646613
-14.898224754718182 -37.283853158642692
-17.593081146402014 -39.935591848059588
-0.411098670289505 -23.028521091564869
-18.414970692673243 -40.744331161590473
78.625207287683622 54.743203971080689
-21.340364125992576 -43.622918299976689
-0.684337201483785 -23.297387806260048
81.507171298272041 57.579056557499683
26.356558984912070 3.310854041153476
33.865293172378543 10.699448481620479
-22.448895887301315 -44.713713553104498
35.754648653915780 12.558574275453125
62.022397208790693 38.406038853450042
62.678249892016879 39.051397893744607
4.136172875657607 -18.554005890352911
39.782669940345869 16.522147221300330
-25.743411687384903 -47.955517100386743
-2.911100356811531 -25.488522751102551
22.686340498793662 -0.300640949187041
44.248349589014822 20.916375995590585
-27.355958277085037 -49.542262944651675
39.900538512128733 16.638129895934668
20.763849516052446 -2.192372076204393
35.824517455855712 12.627325176562010
20.749441639257462 -2.206549426970660
18.822615978979250 -4.102545876684417
46.297748664839276 22.932984686201848
26.371030879779866 3.325094385703395
46.538556793654806 23.169939884956335
37.734455727851113 14.506704436205496
18.803264786159197 -4.121587450419348
65.222730308105753 41.555166623176063
41.884028162906731 18.589883712300221
12.832562866980858 -9.996758138890833
48.627631877767044 25.225589767722767
16.870607849396457 -6.023321876193883
28.196038934026518 5.120902311082105
28.215005249693007 5.139565165697917
-3.234684039177523 -25.806929094550682
30.045266483611499 6.940542219873706
30.070065926492759 6.964944871668877
-31.400526116050123 -53.522117698193320
-11.164443395221944 -33.609812300898398
16.844686865505864 -6.048828124342229
14.903475375230229 -7.958980230773456
10.834963867877121 -11.962395554008914
-5.515029179570746 -28.050788712697610
42.030870845184481 18.734376911661528
-34.341128366428869 -56.415670312566007
31.907831692362819 8.773306385285025
48.911137996389840 25.504559788447608
