3.174847063800925 -19.499950489219891
29.762387309852770 6.662189112895121
24.501005487933696 1.484989400126750
51.207881146478940 27.764555048135279
-6.757982908070495 -29.273855181541368
23.498983851270964 0.499000109650630
25.612444488463026 2.578645376647614
-9.213500591687524 -31.690084582220525
23.606288638131211 0.604588019921110
40.304936631923823 17.036057645813045
1.438349632472693 -21.208663961646870
62.723825847903868 39.096244634337395
67.060075225265976 43.363114021661715
26.834514439220442 3.781162208192924
41.475286715214693 18.187682127771268
10.011471586575496 -12.772711958809708
8.516675779369088 -14.243591033100820
-19.954717495662742 -42.259442015732134
38.397721163394010 15.159357624779702
5.143209864022346 -17.563081493802017
61.064413873744115 37.463383251764199
52.438788691927172 28.975768072856340
23.964066286661833 0.956641226075241
30.964256458875781 7.844828355533778
72.613885725433022 48.828063553826084
42.384555802144661 19.082402909310346
13.159928346664103 -9.674630506882522
19.083640279156107 -3.845697965310393
24.143012076848620 1.132723883619043
55.563090821188908 32.050081368049888
57.519764957753580 33.975448718429519
58.988587483678032 35.420770083939175
14.858813528155665 -8.002927488294830
27.230991141672547 4.171295283405797
16.182531533843651 -6.700388970697851
23.713606615262343 0.710188909418150
54.201327640754528 30.710106398502461
49.566021028648436 26.148964692190063
27.699409731920497 4.632219176209773
30.345104182396796 7.235582515478441
21.852917029371916 -1.120729643098038
35.844558777726988 12.647045837283358
76.399931809087875 52.553532900142471
24.286197770112061 1.273618605790269
23.820939851963018 0.815804814331614
26.079262276528482 3.037994080104028
17.814949056257433 -5.094090128642684
37.537834293132022 14.313228944441903
24.895053282541653 1.872732430020982
32.840183249965222 9.690740317965776
28.674881401220134 5.592083298800617
34.971012194282096 11.787475999173580
25.361205132132767 2.331425850018647
65.049636125472546 41.384841947464992
-11.442289853474595 -33.883213215818998
80.758987481636666 56.842843681930489
48.446185498171076 25.047046530200333
44.567105937674086 21.230032242671300
6.707000079941054 -16.024311921338004
-32.914242642945247 -55.011614760658119
25.110156112224161 2.084393614428578
36.648749700445549 13.438369705238415
23.463217006860347 0.463805534750584
33.508009060547693 10.347880915578926
26.367041960230438 3.321169288866756
-0.630968686594521 -23.244873187609009
-27.582574973313925 -49.765253773740902
-14.118614686229801 -36.516716851250123
43.625511852165488 20.303503662530844
45.928371856540153 22.569517906835500
-4.719671407039826 -27.268156664527190
24.680082927225683 1.661201600390072
31.587296510375438 8.457899766209437
46.952628903875464 23.577386841413457
32.211491334629713 9.072107473275636
69.904609980219561 46.162136220536041
34.218901569687290 11.047399144572296
29.146358794631240 6.056017053917145
23.534750695681581 0.534194684550677
28.096921539811973 5.023370795174984
-2.479137418396370 -25.063471219702031
-16.723080848224274 -39.079511554652683
39.423286658013197 16.168514071484978
-23.310251073910003 -45.561287056727444
20.702682979756680 -2.252559947919430
11.758801514194197 -11.053339310032911
