26.428767022862360 3.381906750496569
23.582305461977292 0.580988574585660
22.800164649849926 -0.188637984547668
23.746939639464777 0.742988605233336
54.643807419484418 31.145506500772669
25.891125995811194 2.852867979878212
65.874772892803222 42.196776526518377
26.987547791459392 3.931747026796046
13.296121277879358 -9.540616662566713
51.725464850388718 28.273857412782505
31.620564807334446 8.490635770417100
71.881298023217482 48.107197254846014
20.468573046498015 -2.482924122245947
2.612456419182948 -20.053342883523975
-6.817624090226481 -29.332542104782856
43.635533528138680 20.313364991688459
39.269065124107073 16.016760082121351
32.977435616187137 9.825796646328143
33.559972932027790 10.399013365115337
19.738606333267022 -3.201211368065252
34.436642170887751 11.261655896153542
5.606710822953239 -17.106996550214014
44.845409952017803 21.503883392785525
28.565104535657710 5.484062863087189
-12.322888719698604 -34.749722500183424
27.215862089905613 4.156408296467120
24.426387071563852 1.411564878418829
61.455285125036298 37.848000563035711
-3.442792454361779 -26.011707775091992
10.581743312850172 -12.211564580155432
59.556432850905011 35.979529925290535
35.029423726913222 11.844952947282607
29.398522968490596 6.304146600994741
63.645074121500386 40.002752935556373
16.651819308174574 -6.238609800756215
23.952778315708528 0.945533862657193
17.396379559391882 -5.505962513558387
39.952377014088754 16.689138981863323
75.637662782612423 51.803460178090617
-26.786191714033034 -48.981612646608511
-14.566274171357904 -36.957213784616179
-18.604998096371123 -40.931318126829183
14.162245274275861 -8.688350650112554
23.849855756098208 0.844258064000634
23.479424162172066 0.479753375577310
68.591130721014750 44.869672629478515
56.191566880513932 32.668501810425710
29.754982938482527 6.654903211466817
41.067162884472225 17.786088278320676
25.395442066049810 2.365114992993021
1.283171156579797 -21.361359581925477
80.650347711130294 56.735942147752212
36.565759904293529 13.356707745824835
41.771541240734223 18.479196580882473
49.154816245584684 25.744339185655335
-1.850219984195085 -24.444616464447968
27.775450937237053 4.707043722241252
-21.630254485211559 -43.908170413448175
50.344803069614215 26.915286220500391
42.908156752954312 19.597626244907033
46.837953818344545 23.464546557251026
24.611787672722578 1.593999069959011
45.599848651589312 22.246251073163890
26.201166774791631 3.157948106394954
24.241033791041126 1.229177250384467
30.844556406013695 7.727043503517478
37.554644179261757 14.329769872393570
23.644041270142296 0.641736609820015
24.797263496798763 1.776507280849984
-8.687812073632259 -31.172807080454145
57.845549897423709 34.296021099064930
28.836919495861167 5.751528783927384
53.137490834617523 29.663290981263643
25.168455179912385 2.141759897033793
24.096894110783438 1.087343805010903
35.960810306362802 12.761437341460990
32.152699726574895 9.014256530949694
9.560111651434511 -13.216850134988441
-32.057074076551928 -54.168160891327098
28.004624236302021 4.932550248521181
25.663857465790201 2.629235746337557
38.174318326376323 14.939529233154303
30.443758667538461 7.332658528857849
6.765140334251221 -15.967101911096798
23.520575790741454 0.520246578089591
24.982821626446984 1.959096480423838
23.499999976456763 0.499999976833458
47.826070176754257 24.436853053926185
