23.498983866786887 0.499000124918297
23.508000356302304 0.507872350601467
55.107792641329254 31.602067959067980
-19.014275281091223 -41.334046876593760
14.798161912133310 -8.062608678460819
62.255406056783855 38.635319559875313
82.642222568419356 58.695947007324648
25.122706524899357 2.096743220500969
-5.824666939338179 -28.355472268308766
21.803056855680744 -1.169792054010152
3.376378131730384 -19.301643918377302
44.171527145194545 20.840782710871437
-7.869553281841341 -30.367640429331878
25.133671676360962 2.107532929539182
26.751369176901179 3.699347270070760
-8.316338607386445 -30.807277189668262
26.765385205529427 3.713139042240954
-19.908908754841804 -42.214366214764333
44.353371442649276 21.019717499566880
14.708136580702238 -8.151193604588997
69.211739300454894 45.480351471647623
33.395155317004068 10.236832831932006
3.137490644459419 -19.536709205851935
71.933953539679905 48.159010283045021
35.067666431839939 11.882583768930502
12.988785307429950 -9.843035257488928
21.755676723115030 -1.216414104454813
20.065339521932749 -2.879705910418174
20.014484650522043 -2.929747103886307
18.320357042154946 -4.596768670519531
-22.520348020122707 -44.784022451800745
35.123800183577401 11.937819380640164
46.152067853462412 22.789634767807016
36.811688392718807 13.598701378435308
-10.418661495726759 -32.875962911795128
46.362625269519981 22.996823265207667
-10.927819513261227 -33.376974401049047
73.202396126420595 49.407157788397868
18.265070114664979 -4.651171007169658
1.281402187526695 -21.363100247473731
1.010576613540081 -21.629592612276561
48.191604213029038 24.796538545620564
-0.879074862810860 -23.489009665005881
12.884287721073626 -9.945860882463549
48.434548900607211 25.035596118197503
-23.681794418869085 -45.926885708167177
-13.098001861295021 -35.512433831514301
16.565990387165428 -6.323065459029216
-26.634785229358634 -48.832628665688901
57.127475513634579 33.589435905416437
11.148771106419083 -11.653609231283625
-28.262819639789328 -50.434614525552696
-31.908824396602473 -54.022283206256830
28.386286711356277 5.308106123974582
57.547360267832630 34.002602503547308
59.625724238825129 36.047712651003920
-13.680616030500833 -36.085726174012819
11.026889363470183 -11.773540866345343
-1.185836995864570 -23.790863603930731
62.845942372367347 39.216407294409464
9.272731022676311 -13.499632673686513
-34.755933255397167 -56.823838323310810
28.404033147405755 5.325568617047267
-15.930877983121192 -38.299983935391253
36.884309091024676 13.670160145568275
30.029193120424225 6.924726030497439
9.130642849532819 -13.639447436059704
65.107827723029146 41.442102479460686
30.051582245951053 6.946756930015837
50.297720706752557 26.868957175444521
50.576609142946481 27.143383396659331
65.842567422521967 42.165086343761601
60.108799400495528 36.523058610087588
52.477740888278291 29.014097034065827
31.682632432049715 8.551710313136908
-3.113773724641057 -25.687953345046800
52.797366366575631 29.328608504710431
38.589989859200216 15.348550021453008
68.273138820933411 44.556768599798474
38.681176622122607 15.438277796168649
76.373098906163833 52.527129323665207
31.712746977434591 8.581343025795633
33.353538577668687 10.195881960425993
7.355340785487215 -15.386344667080586
40.406338349651364 17.135836936056947
23.489967377271469 0.490127899235127
40.518370955028374 17.246077019747929
7.190915629881260 -15.548139020196842
78.307216367083939 54.430300905210601
-3.460903704363730 -26.029529245093912
5.391617130923528 -17.318648743171245
16.504800749144493 -6.383276062841816
54.742001191314372 31.242129172253343
-5.431564316648490 -27.968659287582113
-16.617139152367780 -38.975264925929892
5.201972886721052 -17.505258679466486
42.265516747450661 18.965268479491456
42.400346972870949 19.097941421305009
