23.418311027203629 0.419618050768371
81.915442540977935 57.980795460322298
18.334203009961392 -4.583144238197988
23.427162174483229 0.428327579691498
45.807341448287247 22.450423985114654
5.782969066199797 -16.933558438859400
66.968253426731209 43.272761371903499
47.636089326159194 24.249911896940645
47.845369347064022 24.455843437510993
16.631070182947532 -6.259026939979634
38.275545334006225 15.039136608662133
39.984111847757021 16.720366058192909
23.409459879924022 0.410908521845236
5.636467076473330 -17.077716396750240
-17.681355232822355 -40.022453549097193
-18.423401961452772 -40.752627530069525
40.089046741721788 16.823621993854246
67.788442468349587 44.079827388856003
49.706852961986385 26.287543314594600
-20.939007293889780 -43.227983177187539
25.011966872359139 1.987775402401390
-0.521745943036002 -23.137398007947425
16.606932018010731 -6.282778894277442
-21.893172625883260 -44.166881863869129
-2.458423365116992 -25.043088591275122
3.815948288212191 -18.869106884399208
49.950541081402463 26.527332424100024
21.735776510499974 -1.235995913668027
-9.899641414010514 -32.365247151386342
25.022553856974966 1.998192995263359
26.610184135577569 3.560421189408331
14.896337176265426 -7.966004218554815
26.623708045089288 3.573728716367853
51.848208075591145 28.394636746381693
14.861389714776323 -8.000392520660100
-12.059868059296743 -34.490910170347995
13.139057837469622 -9.695167087929889
-2.730956243659179 -25.311260943760630
41.818824842201053 18.525723644725844
28.214360308234674 5.138930543302919
13.091618439478275 -9.741847455553383
41.945825963329256 18.650692747915983
28.231400635674206 5.155698225503414
52.130371790050305 28.672285841409504
-4.707363371955921 -27.256045558004629
-5.022113110721683 -27.565759300950134
54.069548703233679 30.580435923981938
21.724640795672109 -1.246953457058645
54.395875170133365 30.901541167411239
34.798393597005628 11.617619299453537
29.826442645164548 6.725219562841914
29.848325314735817 6.746752109700054
-24.672301897442061 -46.901545067082985
-25.964117130574280 -48.172691256485095
43.698606257444737 20.375428557325620
11.354995660527756 -11.450684270040689
36.452448071685978 13.245208902539005
31.449288662988806 8.322100044380974
3.643237691162561 -19.039054111896043
11.291340888838569 -11.513320565382848
43.850082974296939 20.524481646708196
20.047704839595227 -2.897058437838297
9.537487807867429 -13.239111997058451
56.381958510857899 32.855847174684172
56.758397744845610 33.226263380928074
-12.545103162211557 -34.968381511616172
1.794681035805866 -20.858033860767030
58.798842226012084 35.234060750395884
36.519832786858458 13.311515462268730
9.455162169665044 -13.320120425049602
45.628806168612897 22.274745269915101
70.317348913960856 46.568271331337485
71.389488028439331 47.623256219984299
38.190512904688532 14.955464698213518
31.477671839206138 8.350029089778843
7.681562198296731 -15.065342796876017
1.592475010936596 -21.057004589238389
-29.203945902149883 -51.360682767715488
33.086686937314028 9.933299946317007
-31.180257392892806 -53.305373274606524
59.233694135923315 35.661955029748540
-14.777341333862580 -37.164903872520782
7.578632874467580 -15.166625251523904
74.242810919336065 50.430925944626694
-0.286908739060870 -22.906318199235898
-7.044037884905347 -29.555333278746861
20.033290096730902 -2.911242544816794
33.125468861614280 9.971461359828453
18.352779765570922 -4.564864710678208
61.337003103629058 37.731611053970994
-35.622966168624885 -57.676998709926885
-15.341570085949161 -37.720104964573977
61.839767270222055 38.226330993898500
34.746419473125158 11.566476761555151
64.023134835968321 40.374764678592825
64.643855991259173 40.985554295399027
75.754794955322708 51.918718236037535
79.261363271177160 55.369181458838327
-7.407341788305335 -29.912824319692451
-9.480979456399918 -31.953283785097518
