25.588937537573486 2.555514536972311
32.090763325332546 8.953311112127224
-10.064758987095793 -32.527722843302257
32.562868561572415 9.417862664587261
25.673816983869315 2.639035912127405
-32.816231170998655 -54.915171472262678
29.299823583106274 6.207026405776574
24.023979353074630 1.015595683425438
-23.447840505644013 -45.696675057553712
8.207542889968096 -14.547777796271390
31.387609002110750 8.261407258076972
15.700010207221112 -7.175189956094428
20.571779233739079 -2.381369234000744
-11.834636066128290 -34.269281889070236
38.054498781149064 14.821626800650677
22.898193287964538 -0.092177804642894
44.404443861082854 21.069972759305529
24.259344703233175 1.247195187981447
23.822289916881132 0.817133278211031
47.544337930631016 24.159628523740921
-17.021557279130295 -39.373212362664205
59.747754392286410 36.167790322009822
38.911175673396457 15.664596862622119
41.468354724936418 18.180861049337437
71.317258311682551 47.552182178695631
28.057053923922354 4.984141061139596
66.842025217409386 43.148552813930834
0.617731408787634 -22.016152293752967
29.928308088698046 6.825455159278874
74.034966786911326 50.226407318320753
18.163654171043945 -4.750964295692761
26.856083360025579 3.802386026265168
13.122129722370836 -9.711824353187097
35.127456651390332 11.941417344968087
53.873891923129889 30.387909652359809
27.379319521632510 4.317250409286387
1.786926890901476 -20.865663939352942
21.165457941270091 -1.797189385790233
27.533183542698652 4.468652606015468
23.654252481232504 0.651784441532783
23.519847032533107 0.519529480012572
-1.844463809732339 -24.438952388776627
52.455093141014956 28.991811650758706
55.239124455081907 31.731298463800599
-20.634919467373425 -42.928760755895453
-5.741310822455020 -28.273449849295737
77.311685019576487 53.450698059263274
81.442989188139592 57.515901361129352
26.736634687022516 3.684848532030145
35.922775147535688 12.724010745175121
-7.282101478961433 -29.789587855298048
61.388945560440959 37.782722431473914
28.906177808216540 5.819678963285085
7.301869402189752 -15.438960508245287
68.985302639419331 45.257537797188618
48.727575623202327 25.323934413231086
63.075301210396333 39.442096391029992
23.503048413180650 0.502999638569754
10.331268570470272 -12.458031726657254
45.365920819583437 22.016066086470104
24.646021888905352 1.627685538682861
37.331098119687695 14.109800549772686
51.201104585600206 27.757886912230603
46.428212423686574 23.061361024907583
-3.161404444900498 -25.734821973782090
23.486249793828186 0.486469797126936
40.597341898569312 17.323784428192212
28.313375358609306 5.236361352871555
56.729524000756598 33.197851616744501
26.162407963948255 3.119809436525088
5.122554432196232 -17.583406438718910
42.476482268522332 19.172858552225975
23.805464865492212 0.800577427644335
26.247665184811865 3.203702541854881
13.797437990496093 -9.047321017351848
4.115427903111062 -18.574418943338713
-28.153080620179139 -50.326631330256276
23.637443550196664 0.635244453393518
-14.881237656807539 -37.267137854298618
58.172337303745621 34.617579906885695
16.313585136677759 -6.571432225509085
49.885768324493625 26.463596031301734
39.649502310645019 16.391110273674698
33.306427468072087 10.149524628582938
25.134424539757049 2.108273747120940
24.696667182333677 1.677520507416332
33.784857773410366 10.620300049035805
34.535283383946222 11.358718849803083
30.323997008006103 7.214813055878011
18.765063591610286 -4.159177425855475
30.989028049559352 7.869203600766397
43.371127269996364 20.053189233676420
36.525039624052397 13.316638990067560
24.242464784237008 1.230585347689214
11.150913476406153 -11.651501139216343
25.083559890060570 2.058222931819593
24.007131073670983 0.999016976492243
64.876232569913256 41.214212848794645
