2 4 1
2 1
2 2 1
2 2
2 5 2
2 2
2 4
3 9 1
2 7
1 3 1
1 2
3 4 6
1 2
2 1
2 3
3 1
3 2
3 3
1 628 1
1 242
4 503 10
1 418
2 147
2 192
2 329
3 229
3 259
4 5
4 28
4 46
4 208
2 520 9
1 233
1 249
1 287
1 421
1 461
2 140
2 254
2 340
2 464
1 847612034611814966 1
1 216279700188484199
4 396982151831595032 9
1 160410890824759889
2 29508916993838462
2 168232668523151011
2 308455142782910759
2 339832658947706855
3 218667253980846599
4 66391342358616002
4 279690389093115549
4 296519701798063931
1 525978329091980701 4
1 269661928310144051
1 317935486046786881
1 323612087289727251
1 511938489989304615
13 7 1
8 2
5 9 5
1 4
2 6
3 3
3 5
4 2
5 2 5
2 1
2 2
3 1
4 2
5 1
9 681 1
9 145
14 133 7
1 95
2 109
4 84
6 82
9 40
9 60
11 40
11 604 1
10 394
7 928973520197917948 1
4 714207521576559632
15 638675861115060443 3
7 47020003943226869
11 358262746934178676
12 564506997432077473
15 912917728494725462 12
2 275470110884601247
2 616822757101892050
3 353631202987716154
6 332402909014736183
8 208961296040263477
8 271360230740003895
11 116923360383504824
11 178747802480063051
11 258035371273747188
13 494561516201419879
13 604845111595465206
14 850711260332186954
15 4 1
14 2
15 4 10
1 2
3 1
3 4
4 4
5 2
8 2
9 3
11 3
12 1
12 4
15 4 20
1 2
1 4
2 2
3 1
3 4
4 1
4 4
6 3
7 2
8 1
8 3
8 4
9 1
10 1
10 2
10 3
12 2
13 4
14 3
14 4
15 4 30
1 2
1 4
2 2
2 4
3 1
3 2
3 4
4 3
4 4
5 1
5 2
5 3
7 2
8 1
8 4
9 1
9 2
9 4
10 3
11 2
11 4
12 2
12 3
13 1
13 2
13 3
13 4
14 2
15 1
15 4
75 4 1
35 3
75 4 10
11 3
12 3
30 4
39 4
41 3
44 3
56 1
59 3
67 1
69 2
75 4 20
3 4
4 4
5 4
6 3
9 2
16 4
24 2
26 3
32 1
32 3
35 3
48 2
49 3
50 4
59 1
60 4
63 3
69 2
69 4
70 1
75 4 30
1 3
3 2
5 3
6 1
7 1
11 1
12 3
13 3
15 2
16 4
18 2
19 4
20 1
22 3
25 1
28 4
30 1
37 2
39 2
44 1
47 3
49 1
49 4
55 1
56 1
57 2
58 4
62 3
63 3
64 1
75 1000000000000000000 0
75 1000000000000000000 30
8 33333333333333333
7 66666666666666666
2 99999999999999999
4 133333333333333332
2 166666666666666665
8 199999999999999998
3 233333333333333331
5 266666666666666664
2 299999999999999997
6 333333333333333330
3 366666666666666663
4 399999999999999996
3 433333333333333329
4 466666666666666662
4 499999999999999995
7 533333333333333328
5 566666666666666661
3 599999999999999994
5 633333333333333327
1 666666666666666660
4 699999999999999993
1 733333333333333326
8 766666666666666659
6 799999999999999992
7 833333333333333325
3 866666666666666658
7 899999999999999991
4 933333333333333324
4 966666666666666657
8 999999999999999990
0 0 0
