57 96
96 99999168 2134
18 18749808 2133
5 5208280 2132
96 99999072 2131
5 5208295 2135
19 19791483 2135
10 10416590 2132
19 19791483 2132
10 10416580 2133
9 9374922 2132
15 15624870 2132
12 12499884 2133
9 9374922 2132
14 14583198 2130
8 8333256 2133
17 17708152 2134
12 12499872 2135
9 9374922 2133
13 13541567 2132
10 10416570 2133
13 13541554 2135
18 18749826 2133
16 16666512 2130
18 18749862 2131
11 11458227 2135
96 99998976 2132
10 10416570 2134
13 13541567 2135
16 16666496 2130
10 10416560 2131
19 19791464 2132
16 16666544 2132
9 9374931 2134
8 8333272 2135
15 15624855 2135
12 12499884 2132
18 18749808 2135
9 9374922 2131
15 15624885 2130
19 19791483 2132
7 7291599 2131
7 7291592 2133
16 16666512 2134
14 14583212 2135
7 7291613 2135
7 7291606 2132
14 14583212 2134
94 97915664 2131
18 18749826 2130
11 11458249 2131
11 11458238 2130
19 19791464 2131
96 99999168 2134
16 16666496 2131
7 7291606 2131
94 97915946 2132
8 8333272 2131

