8 15
364 -177 -64 487 1
-465 233 20 330 2
-102 301 -315 101 4
-328 -445 -331 4 8
-489 -499 162 395 16
383 481 191 66 32
151 489 -495 19 64
-304 -161 -497 212 128
-179 196 337 359 -418 -498
-40 210 -407 -77 156 -124
-1 224 406 -263 125 329
-59 -495 455 310 426 -397
-441 234 435 -489 -76 322
181 391 -238 -348 470 -220
136 410 282 112 245 497
83 85 335 -89 250 418
-207 121 311 454 315 -352
-256 -3 -296 -266 -287 -319
-72 86 207 -42 167 -174
-14 341 -189 297 429 117
-308 -179 -280 490 400 345
420 467 376 -130 -51 -233
225 444 398 -384 -428 -412
