7 19
-13 -402 -407 478 1
-386 26 -50 128 2
374 -406 450 100 4
63 415 404 411 8
401 470 -414 412 16
-401 464 -308 303 32
463 7 217 170 64
-295 -132 267 -194 26 -174
-461 -236 -248 128 -356 59
108 300 9 -277 -422 141
-300 414 170 338 24 61
-384 148 469 171 -268 371
152 178 -89 380 165 41
485 286 -33 -169 209 -290
-39 -150 65 -92 109 68
-490 -432 322 305 -237 201
478 179 77 208 -30 -159
121 -112 228 -448 -487 -89
-381 253 343 60 -210 440
212 -473 113 -319 -69 10
439 189 381 -469 -176 -193
-295 159 354 500 373 154
108 200 47 147 -298 294
-452 114 -278 -173 -147 443
-27 -497 488 -382 62 -421
-446 142 -449 359 -410 250
