13 27
494 299 420 421 1
-39 -229 487 225 2
327 -414 -389 137 4
113 -174 -12 11 8
-169 40 -456 242 16
-322 431 232 355 32
442 287 -352 101 64
-199 398 -376 52 128
-328 -282 102 42 256
-425 -313 -348 30 512
-455 -242 -322 47 1024
119 -33 -164 156 2048
269 -427 156 236 4096
-338 -300 -37 223 189 -65
435 -358 457 -173 -118 -92
-394 -252 252 -58 -449 294
-118 -360 -324 492 -462 -348
-194 53 260 -323 -401 -352
351 85 -67 128 486 -416
183 428 -32 496 -120 313
344 -191 52 -78 152 -198
282 277 -304 157 313 -127
-397 -294 -98 -348 270 -276
197 97 13 -438 220 -41
-210 68 387 -481 -153 -277
478 90 -399 -124 -448 -387
254 -92 177 -331 -150 398
330 -275 -70 -173 -359 332
123 78 5 -352 -204 -449
416 185 -43 99 465 -494
-69 -373 -475 -351 -369 458
161 -5 493 69 239 -113
124 319 -194 84 -290 -471
232 -207 -165 -389 14 -179
390 -424 -202 -281 -36 240
274 117 -55 230 -62 33
-72 -344 18 57 361 -64
-369 -375 -84 -249 -133 164
308 22 -468 11 340 28
-354 -304 306 -187 -80 -28
