8 23
117 420 -310 347 1
399 -354 -210 173 2
473 -168 308 77 4
453 210 346 66 8
-242 -450 415 572 16
413 143 -479 80 32
-135 -242 -387 248 64
444 264 -183 12 128
-439 490 -295 252 109 -442
-78 400 277 490 347 -255
87 410 385 447 178 243
-315 272 73 315 -251 368
-35 216 340 -291 456 -326
-458 433 328 -204 431 -123
-216 -446 -264 -352 183 -282
-167 437 112 436 -456 -492
-17 86 71 -368 368 -378
296 75 -136 -228 482 313
-5 -364 -169 490 198 136
94 -220 -269 267 -267 -58
259 133 479 -287 -449 -403
494 163 -309 -210 115 128
388 76 136 -386 449 419
276 -497 -205 495 498 489
315 -123 277 -489 -126 -332
-348 260 370 -483 317 -408
-342 432 -222 495 -29 214
494 -498 -117 -488 131 -128
358 -220 370 -196 236 -456
-409 348 -440 -356 202 -119
495 -189 412 184 -162 26
