8 31
147 -250 -161 204 1
404 -103 466 361 2
13 296 4 258 4
368 -470 -8 103 8
410 157 -493 355 16
-273 -127 -162 123 32
196 -484 334 71 64
-389 -431 417 66 128
-446 -422 -15 -499 -369 182
130 247 286 68 -340 -357
-323 -365 -17 -106 302 287
-313 435 46 -444 -373 -426
-339 164 387 255 -448 -391
-341 468 -1 256 -411 -35
-432 491 -150 -472 -292 -186
33 -209 217 41 170 -398
-340 -456 -115 -477 30 372
36 -265 301 -130 -56 213
131 -498 -439 -296 342 -90
-254 -474 -426 174 357 339
37 -186 460 -325 -354 -434
-278 71 482 -144 -458 182
-177 -163 -439 -479 -463 455
259 -106 43 344 383 61
-189 338 269 336 -62 -203
-278 -412 378 -110 -389 -425
-224 276 362 449 78 7
-492 -254 466 -472 360 61
73 -326 105 -415 -354 -257
-137 398 -202 -50 390 -335
-389 87 28 442 431 -26
111 -306 215 -88 -472 -230
417 -296 -54 -27 -119 -304
43 333 264 -157 -498 -135
493 -92 45 -110 -174 292
-452 -71 375 -203 -459 195
-177 2 -266 267 471 293
-481 100 -42 -309 148 347
-96 -437 325 218 450 312
