15 26
283 116 -296 256 1
-59 362 -96 185 2
-403 -478 -189 82 4
184 -224 172 245 8
352 38 480 157 16
106 459 71 51 32
-441 484 381 296 64
-336 -76 -17 162 128
-326 -79 -261 6 256
-181 403 -423 95 512
375 -388 -129 127 1024
411 -103 262 14 2048
-205 -464 -490 165 4096
-308 -336 -92 38 8192
-450 -466 31 74 16384
310 252 308 499 377 14
-389 226 219 -237 -424 16
-391 -264 -318 -294 277 59
497 353 -5 -441 335 -401
-349 349 -351 -367 253 124
-350 494 -92 -377 274 -430
-381 -5 -181 433 -39 248
-351 315 -46 -131 240 246
420 -105 317 -465 -121 168
-188 222 -404 324 227 252
-442 194 -397 -403 146 -234
-160 332 -305 38 -19 73
-452 -145 -148 418 -175 -392
1 -392 110 129 -175 -475
-472 243 49 -440 -439 497
376 -377 -267 -482 283 -415
-439 -348 -82 17 -244 -50
-478 -295 190 -293 201 -369
-125 -312 -42 94 209 464
234 144 358 -61 379 205
324 386 -345 226 240 497
-325 -88 154 74 -486 -331
-231 49 -139 -34 -119 -205
431 -31 138 147 334 83
60 131 -484 -217 300 69
147 -8 292 13 189 396
