6 17
-112 94 325 413 1
103 -253 -461 296 2
-395 489 -439 139 4
-491 448 464 101 8
494 453 185 304 16
-96 -26 -152 28 32
73 397 -360 319 -74 -239
461 -420 250 55 -160 -134
59 363 -217 437 -443 -77
345 -210 106 185 467 345
399 -338 446 -289 355 -211
-79 -496 95 -349 444 -246
370 -386 -219 -480 -374 -441
278 289 338 -396 307 -238
327 -313 -83 367 116 224
223 -9 -131 213 -246 119
444 -404 245 410 -335 465
-232 205 -161 -356 -226 116
-472 335 361 -452 386 -255
376 -127 265 75 -425 251
25 -479 -259 66 -193 -91
362 299 -129 -192 -434 17
339 -466 -340 143 240 19
