15 20
283 -305 -360 301 1
110 122 287 14 2
352 241 -150 115 4
291 -211 433 128 8
428 -268 70 73 16
-181 467 -98 349 32
-323 -219 368 366 64
402 300 483 89 128
125 393 358 68 256
-111 -471 -283 119 512
-273 405 483 76 1024
65 -211 233 21 2048
-171 -81 -354 92 4096
72 192 -450 154 8192
425 284 177 8 16384
413 295 268 305 8 -160
-274 -123 -215 328 -9 -444
303 -73 -136 137 -217 -19
-42 188 254 -100 168 -427
-442 350 194 304 -23 178
-479 -265 -459 -126 333 -446
289 377 -218 -388 258 456
54 500 307 -406 410 298
483 14 -30 100 -329 -89
348 290 84 -344 205 173
457 12 361 51 -43 -402
89 -443 273 -120 -101 6
-332 -471 -174 -203 89 167
366 100 -35 -421 392 301
309 54 -52 -477 144 94
48 -265 -108 471 459 -125
356 1 479 191 235 82
198 104 329 -32 182 386
414 -153 32 78 -312 127
-117 -373 -458 439 -367 432
