5 19
245 13 124 488 1
-433 456 357 68 2
-228 335 125 7 4
-439 28 -366 107 8
-296 93 -221 98 16
-332 10 408 21 -480 -298
-474 -75 -438 499 50 -322
73 -433 -350 -247 -314 27
-200 -356 225 220 -498 486
-385 -85 -43 -157 -335 298
-345 -30 238 -486 395 -445
-394 -476 -163 358 456 345
-297 329 206 -249 173 277
309 -294 -355 -4 -488 7
-386 208 444 -400 95 437
-382 -408 401 -67 426 459
89 397 -473 -213 188 137
291 29 -460 87 469 -251
-487 -496 293 266 379 -458
288 344 -299 -130 85 -458
-470 411 -208 -200 288 -167
36 -379 404 -439 29 383
338 -481 -280 254 -490 189
-337 245 195 -355 -473 -279
