11 27
223 -206 -447 205 1
-221 -267 -346 31 2
294 -126 -58 121 4
-424 -207 302 507 8
245 343 -164 4 16
328 -10 119 82 32
261 101 -416 46 64
440 486 479 304 128
187 411 46 11 256
-216 -496 -418 104 512
286 -168 465 118 1024
93 -292 20 -7 -425 -485
288 284 -52 73 381 364
138 -289 -187 61 -182 453
-289 167 -157 -267 431 -336
96 -183 40 -243 279 202
9 157 -214 306 -402 421
499 51 413 -205 455 -290
440 47 438 -96 294 -155
-393 419 142 244 77 229
-217 474 80 487 -184 374
387 409 -188 -452 117 -186
-132 257 149 72 -322 319
75 -416 -495 223 -120 84
228 75 377 128 285 13
361 154 -263 443 -297 -307
169 21 108 -164 446 285
407 -82 65 357 -28 420
-22 491 -61 65 -477 -117
270 200 288 115 -29 -42
363 -309 61 27 165 -32
352 217 -454 263 29 396
207 177 -418 42 166 -184
443 463 -65 433 400 49
6 375 -208 92 17 322
259 230 -309 -289 344 -360
314 195 -398 111 287 443
-410 -68 -498 -465 -454 -339
