28 32
208 -331 -182 33 1
-333 -320 108 158 2
-143 321 418 48 4
294 250 -26 205 8
437 -296 -383 17 16
-241 -353 -488 136 32
-82 -442 -126 185 64
358 117 424 196 128
-48 -396 -362 20 256
-418 74 -118 141 512
-24 -73 -294 106 1024
-255 372 115 25 2048
-100 -359 478 209 4096
382 -331 182 23 8192
443 -66 -314 191 16384
-376 455 384 113 32768
299 -457 -204 16 65536
456 -163 -47 21 131072
-341 123 -421 96 262144
45 -322 -491 142 524288
-451 249 490 73 1048576
17 291 -462 83 2097152
417 -12 1 73 4194304
-213 172 42 9 8388608
-113 432 155 11 16777216
-134 453 -246 153 33554432
-263 -168 -290 46 67108864
212 -387 -186 21 134217728
59 147 496 348 103 -449
-404 339 37 293 -438 -328
193 -429 295 98 12 133
-206 -45 -8 -407 426 0
-177 156 -261 395 -444 -162
83 425 -24 84 120 350
-181 -7 -111 -401 403 158
181 -387 -75 120 -408 -345
-253 -274 273 -103 154 -51
-404 -149 -111 -59 -148 -42
366 291 217 -359 482 132
124 378 -148 -88 405 130
-216 188 254 -242 -68 301
33 -39 -61 -447 347 56
187 -429 -270 -329 -317 433
-89 -175 -249 425 -325 -292
98 -306 -83 -202 -285 -278
-339 413 60 -13 -275 -333
-293 -112 -231 -53 -449 165
-77 311 -368 280 -496 72
111 -394 -69 272 -127 213
-286 500 -114 -105 317 160
-42 129 211 170 -132 -428
-477 420 182 -247 45 233
-416 -387 -178 221 28 -300
326 -492 -317 -44 66 215
0 -224 230 -390 -42 -447
344 482 258 -448 429 25
460 -480 19 -439 -453 313
-217 -82 444 349 -396 -176
-458 -268 192 -362 -317 -205
240 236 311 -209 260 67
