10 24
-338 -126 -302 11 1
355 -220 -43 525 2
-321 258 -366 19 4
134 357 127 44 8
-22 398 -71 1 16
-262 -475 -328 183 32
66 215 -421 7 64
-247 -49 -269 4 128
-147 298 -457 16 256
-321 192 -323 44 512
207 391 123 118 273 -409
-289 32 135 251 262 247
-179 -316 -446 -332 147 29
-421 129 439 -327 377 -205
69 -487 397 91 248 129
-110 -121 -351 125 466 -84
-251 -258 232 494 312 125
222 266 202 303 341 458
-271 151 471 69 462 45
383 489 -151 -421 244 103
-385 276 99 479 212 491
26 248 -347 -258 107 96
139 412 193 -425 -480 -478
-107 213 -436 -269 -108 -464
-156 -355 -158 -474 -342 316
-97 403 -250 -202 -297 -330
-287 230 -488 -404 468 -9
-136 165 -284 241 359 199
-306 -222 -481 -362 -129 483
-306 -224 -490 -311 -492 252
-159 334 159 -453 281 467
102 441 -343 -45 -194 393
-337 -79 313 -49 401 322
-403 237 -186 -374 -81 166
