25 40
-303 343 -416 51 1
147 85 -187 18 2
32 415 439 40 4
-253 78 -488 67 8
126 338 -324 120 16
-346 -348 177 210 32
-11 -378 -335 211 64
437 -495 10 212 128
273 -324 -360 63 256
105 -482 334 111 512
-412 482 -229 127 1024
-100 247 -117 130 2048
94 183 -14 72 4096
-309 34 -366 16 8192
346 326 43 138 16384
-265 192 218 115 32768
-443 186 -244 118 65536
484 45 -364 106 131072
85 -292 284 31 262144
-424 388 -112 23 524288
281 -378 274 21 1048576
22 -99 213 42 2097152
-276 357 289 62 4194304
360 484 241 35 8388608
-296 -100 -326 97 16777216
237 -71 -335 -239 -211 314
-336 62 -428 104 -293 404
-274 222 82 407 -455 367
56 -66 244 -309 437 61
237 -85 -293 370 145 49
479 3 425 411 -38 -64
-443 421 302 490 78 484
-327 484 409 -196 -83 -122
-109 154 -393 -319 198 -24
290 175 -398 419 -311 -428
289 469 -242 365 209 -56
314 444 -402 214 -392 -63
-220 352 -106 -394 260 5
-136 296 42 -178 356 112
-237 195 -343 428 94 242
151 -206 274 -93 159 24
446 -423 261 -42 -94 208
-357 419 248 -376 -24 208
-125 -298 311 327 451 180
-393 255 125 212 -189 482
-288 94 -354 -316 495 404
-174 262 -258 -498 464 464
-102 -291 346 41 145 -99
68 -182 -350 324 -405 499
-186 -245 493 254 -115 -99
292 209 -166 -109 -413 415
206 479 245 439 200 -317
-328 -254 -311 53 -15 -333
-459 -27 16 183 -374 -218
-499 -201 459 259 431 -67
-8 -27 284 423 190 -52
83 -121 462 435 397 164
-479 -203 -376 -222 335 -85
-229 -368 455 -45 405 -416
-279 -38 156 105 -256 -178
57 -391 195 -294 268 106
93 141 -167 188 454 -187
357 135 -323 471 -80 196
193 55 146 164 43 66
100 464 -149 -465 -144 -369
