28 40
178 -110 242 80 1
-438 -43 464 88 2
-433 217 -417 125 4
-188 55 287 30 8
231 -173 -370 128 16
165 -235 -75 160 32
352 474 -458 69 64
478 458 -373 45 128
-14 264 -355 144 256
117 126 346 21 512
-180 495 360 17 1024
193 281 103 33 2048
-22 414 210 89 4096
250 44 144 85 8192
-118 -425 142 90 16384
-196 330 -35 11 32768
349 224 233 116 65536
-410 -488 -284 255 131072
497 -389 -7 36 262144
-303 -213 334 34 524288
485 -385 186 157 1048576
-81 -449 -162 56 2097152
-72 -47 446 118 4194304
186 489 -108 111 8388608
487 -113 48 61 16777216
-91 -266 98 50 33554432
-488 -314 361 79 67108864
-320 -150 -228 41 134217728
481 428 -467 -382 424 170
-282 193 155 143 160 132
-130 -84 -277 -450 -37 364
467 -478 -180 -159 365 -22
-145 107 -169 -460 236 250
-378 -155 -279 -300 -456 66
212 262 139 -6 -376 441
18 306 367 42 166 23
257 239 -64 -270 98 242
266 154 419 -304 -368 24
196 36 -242 -36 -422 -278
221 401 -168 -346 -354 -21
-490 103 92 -484 301 67
-117 -168 64 127 135 102
-212 -312 -152 -290 378 124
-254 154 242 -432 -118 -200
-215 -284 -268 -224 428 97
-180 -395 -453 -461 358 -14
-90 336 333 -37 480 -342
-267 -50 -173 -101 157 73
-169 -390 412 297 -267 -285
127 -157 -295 -243 382 38
28 -265 447 303 259 -226
66 72 216 98 -342 -224
-259 343 213 -436 -311 258
-138 105 366 -355 -303 481
106 167 174 -159 -207 -468
-466 -23 -189 -122 -375 402
-72 196 -106 259 -462 -63
207 303 -2 -140 411 435
-160 -76 229 -114 401 -201
-359 -373 407 -133 -43 9
327 -425 78 -190 -428 -29
-172 -336 -356 470 375 329
187 -199 279 59 -78 398
391 352 -133 -158 -259 -196
196 183 -84 259 -242 -214
255 -298 -227 120 -457 -286
57 -12 487 454 264 473
-436 -164 -135 -467 266 5
