26 30
216 78 -271 10 1
-80 182 242 116 2
-171 409 228 25 4
-251 34 24 11 8
193 -31 -215 47 16
-415 468 -229 126 32
203 -355 83 44 64
-130 500 33 28 128
68 -452 -152 30 256
308 134 329 81 512
-159 -231 375 245 1024
-285 -160 -394 21 2048
323 265 -343 190 4096
371 -371 189 83 8192
-294 -344 -108 203 16384
-37 -127 -295 124 32768
-40 438 337 141 65536
174 -139 239 92 131072
-348 435 447 166 262144
-461 -103 65 32 524288
-437 -133 -418 78 1048576
127 406 -434 28 2097152
-241 98 130 17 4194304
-315 58 -212 63 8388608
-112 254 -190 121 16777216
108 -489 -309 14 33554432
365 -169 80 135 373 372
218 186 169 264 277 66
259 29 8 -151 139 -56
499 -275 -131 364 479 249
125 -343 -350 -53 -3 312
-377 -422 472 485 279 29
267 29 -445 -431 -404 227
3 -39 -139 -398 82 -242
77 395 -490 -40 -396 66
-103 48 78 387 355 207
95 -132 4 -197 183 275
479 -465 283 272 -211 494
10 456 195 476 200 410
-480 5 -375 -224 321 364
-3 -144 25 214 171 64
192 162 -46 161 90 -260
144 -373 -248 9 -364 -315
311 383 46 83 -228 -45
310 -246 60 182 214 -212
343 -342 465 -77 6 -418
210 -457 -350 -386 -426 269
188 -306 285 -165 452 -42
278 -156 -219 -69 -252 -212
86 -158 146 172 -321 -224
464 -32 -412 -311 9 488
-291 -304 -451 159 468 234
307 -70 432 -287 -155 -445
210 134 470 216 -393 -486
227 -148 -497 22 4 69
432 -313 -196 -225 337 -9
