5 19
-276 364 472 143 1
79 -190 265 109 2
-226 -425 341 124 4
266 468 -474 768 8
-263 -231 -279 127 16
429 308 476 250 269 336
-305 345 110 -489 117 315
-432 77 437 441 -399 -271
-72 -71 293 -28 -416 435
-264 221 287 32 211 341
384 -447 -72 -92 -130 274
99 406 355 322 -19 487
-367 50 243 -372 -168 420
333 -3 466 379 42 286
7 -475 -80 -214 -459 -50
118 -476 233 -52 452 326
129 -429 -366 -322 -430 487
-476 217 -304 -157 24 353
-172 104 80 -350 58 -250
-183 441 187 -299 -90 454
-478 -42 -96 -190 133 188
477 -366 -308 -426 -110 -147
-187 -408 -273 -106 362 225
-360 -87 32 -282 -109 182
