16 25
-463 -396 -316 455 1
367 -471 384 107 2
498 -472 -282 163 4
-209 -66 265 71 8
334 416 243 327 16
-320 282 -354 84 32
-467 485 -432 63 64
9 29 245 145 128
60 -79 -256 116 256
-312 414 -69 38 512
367 96 141 6 1024
318 454 -323 6 2048
-8 36 22 10 4096
451 -183 -77 97 8192
94 186 -348 52 16384
-295 497 173 87 32768
-248 494 -338 -33 473 194
8 -23 50 -43 -426 432
204 -216 -89 25 -285 217
-358 403 41 346 -195 428
-497 87 356 369 -306 -213
-107 -465 495 495 -1 475
304 -136 484 -143 -40 463
-7 281 313 303 -223 -488
366 244 -186 20 212 -25
-250 -275 236 260 -130 -384
169 90 157 353 23 170
-208 180 352 397 -173 66
-221 -364 153 12 -150 258
228 99 348 -116 408 -82
-477 495 346 -380 320 -144
430 -29 -4 -113 298 -443
13 491 -376 -334 34 62
409 -338 -312 -104 -89 -467
429 -34 246 -146 323 -43
220 183 -157 233 -113 -81
365 247 -337 -105 -81 46
25 314 139 304 -18 308
-303 -38 264 100 106 486
-291 308 33 110 -9 -344
385 -479 -469 331 -305 73
