13 29
28 -33 -127 241 1
220 490 65 14 2
413 -337 -428 38 4
327 -251 297 300 8
-434 452 404 330 16
-22 -352 -147 60 32
460 495 470 322 64
-162 58 217 120 128
-254 35 -27 23 256
-347 -472 -305 286 512
-202 155 460 36 1024
19 294 -58 78 2048
-241 397 -140 31 4096
12 201 186 -8 -365 323
-107 411 53 137 215 223
-284 334 -126 204 36 -483
198 238 -49 440 416 2
-20 373 236 306 133 -302
36 212 288 -325 464 -180
-312 -481 273 6 -260 153
494 494 -160 254 125 -18
-439 238 25 -57 388 -359
189 423 -291 -397 -303 391
160 -434 -28 -284 6 422
436 -91 -291 173 156 -389
-462 82 345 298 46 -223
392 155 -35 374 360 -133
-274 -22 393 349 135 -487
115 -478 -488 -119 441 159
40 -315 229 -428 39 -494
-76 136 297 285 -278 -327
-473 -244 -87 257 -171 -233
-481 -13 26 17 329 111
-462 -5 -333 -303 51 55
-225 -80 427 -173 133 -407
-144 -160 -391 -236 -12 -276
343 -494 -263 -147 460 -169
94 -103 175 55 386 -197
-152 -215 111 -210 -282 -137
-88 -338 390 -225 -80 -309
415 72 -461 -6 438 -5
322 194 -152 -419 -236 307
