32 36
461 483 48 22 1
-409 -36 186 135 2
-7 93 -239 119 4
-261 -271 342 6 8
-410 -438 -31 154 16
429 -268 233 33 32
406 70 -403 11 64
275 313 -13 152 128
28 463 -249 127 256
307 203 -308 85 512
-256 187 -444 29 1024
-224 -140 414 128 2048
53 41 355 141 4096
-240 83 106 73 8192
213 -233 -326 56 16384
-127 314 -234 61 32768
-96 -366 -10 43 65536
266 -280 -325 13 131072
-25 499 171 135 262144
-324 115 -313 131 524288
56 -79 -409 130 1048576
475 -19 -98 89 2097152
-2 268 -420 118 4194304
-326 425 151 36 8388608
-415 -299 470 116 16777216
-426 -238 -154 23 33554432
26 -386 46 34 67108864
250 469 191 105 134217728
348 27 458 53 268435456
-191 -290 169 9 536870912
-280 -451 304 115 1073741824
176 -367 -461 49 2147483648
-87 -374 -59 98 -92 -250
349 -406 134 -299 162 6
39 307 -205 -157 311 321
71 244 -51 -34 278 299
411 -300 -96 418 111 -412
62 -393 -95 299 -495 -157
352 127 -390 -333 -200 317
-106 101 86 123 -433 -300
104 -297 -135 -146 -202 -245
-294 483 -129 375 150 323
206 23 365 -468 430 -152
480 -147 147 61 366 296
448 -388 15 235 207 -414
-147 460 -131 311 402 483
162 130 -263 261 167 -472
403 60 56 -212 -273 -295
-464 334 -355 438 -166 -440
-147 64 -109 -462 -196 -144
0 97 101 -402 -182 317
-248 289 165 305 249 238
-295 -168 -19 -416 316 -242
-435 146 223 495 -383 137
240 8 -52 -86 -138 202
112 -228 -304 451 -430 36
225 394 -377 -40 215 151
-64 6 157 434 -384 193
-221 -418 -232 375 -154 249
-461 461 498 401 -157 393
-209 390 -153 -330 -439 -194
-428 76 442 -154 -192 -98
-322 -188 -2 -458 27 426
445 395 405 159 -429 343
-414 389 6 -211 -498 -467
368 169 394 430 -368 -24
265 214 109 -433 232 331
-261 64 470 -20 407 351
