12 27
45 210 -38 252 1
237 357 -487 200 2
-333 -360 -175 326 4
-169 -37 357 8 8
67 237 -336 18 16
260 -454 -359 53 32
205 302 270 49 64
276 -70 -457 123 128
-440 -87 364 202 256
-492 64 -183 106 512
76 -144 425 117 1024
-408 346 -33 157 2048
-15 -475 96 257 184 272
-79 -422 81 418 -331 426
344 -316 8 347 243 39
499 -58 -143 405 -179 438
477 73 -282 458 -218 -328
469 -321 202 326 -396 -447
-421 39 -44 387 101 192
145 -125 224 -127 68 -346
40 -438 -390 -296 -338 375
183 23 390 -306 -156 99
104 -108 -280 108 302 372
327 194 128 2 -113 -241
51 -99 153 217 -133 232
-448 23 -370 206 -249 -51
265 9 390 -9 -169 -363
292 356 469 73 -69 45
-45 -158 407 158 -139 181
-185 185 138 -272 -269 309
176 -119 -72 -226 122 322
460 -163 -296 -460 143 -487
-38 -32 243 432 -308 -3
443 -500 166 327 -418 437
-139 297 281 433 306 289
-91 -394 338 -159 -296 294
-425 -70 46 130 -159 -123
331 -229 -326 -500 195 259
415 -40 228 -187 -144 254
