6 25
-198 227 -247 455 1
60 385 403 209 2
478 495 90 36 4
-256 -473 -132 143 8
159 -403 335 146 16
282 -442 -391 6 32
-406 -21 94 -82 -76 262
-406 409 191 -216 149 468
38 -129 6 226 -149 -308
399 -339 16 -403 316 173
-132 297 412 227 348 126
431 -108 122 200 -177 -431
344 79 81 -41 -43 340
-241 11 351 -341 -274 -186
-350 15 366 283 59 -451
136 -101 0 366 -60 -13
-294 -39 261 489 414 -469
487 380 53 139 -306 -1
-301 73 291 51 -297 196
-164 326 387 1 -297 -79
473 254 401 382 -397 326
404 150 87 -230 -145 299
-66 -160 275 369 489 430
250 324 36 -156 -353 31
-469 -415 -72 147 -411 138
142 -399 -355 149 -305 142
377 38 85 34 -214 -131
127 -487 -380 335 457 -287
-471 309 409 -489 -218 -23
338 -235 420 -409 78 357
-398 224 255 242 178 290
