14 20
44 96 -326 420 1
-107 312 489 226 2
-392 228 -382 29 4
308 -497 454 179 8
249 -312 100 86 16
-61 500 80 9 32
48 473 225 5 64
-265 -442 319 381 128
-389 81 482 103 256
-439 434 -127 101 512
212 286 239 128 1024
-272 444 212 47 2048
158 282 78 9 4096
467 271 478 210 8192
-233 397 212 256 -378 -415
346 -140 -141 -360 156 69
-112 44 67 452 401 -278
-299 -137 -479 134 -79 247
333 -126 107 -441 -201 -164
497 194 -366 -347 194 190
-167 220 135 -366 -444 -388
88 90 207 431 400 -61
94 -426 101 425 -284 -113
455 177 236 -160 -415 -292
-161 -416 -381 -407 84 160
370 -150 360 167 439 332
-388 -238 -484 -301 -417 -352
-426 -248 -383 406 -228 82
171 57 477 -384 -88 -243
-233 -344 -126 -330 485 431
-426 191 -440 380 222 241
-246 432 -229 103 -298 276
-436 429 -249 46 -413 -487
-226 -38 453 176 -475 -63
