7 37
172 151 199 23 1
-284 107 188 152 2
239 -420 494 161 4
116 465 331 287 8
158 -431 -500 352 16
51 -85 -141 125 32
-296 -302 246 117 64
365 -140 -292 -214 -142 -417
168 85 -85 -336 49 -205
-393 -375 445 376 107 -306
-433 274 -306 326 -234 -238
410 191 -186 344 -393 93
304 -174 453 4 -24 -391
-9 -416 455 -481 261 -210
16 6 -396 278 163 242
134 -73 -307 -489 18 -372
-265 15 -52 378 83 490
398 225 -364 -52 281 -151
467 233 214 269 -86 139
-365 -460 13 242 344 -229
497 -266 95 103 230 -494
-208 -428 51 -229 389 463
473 -389 -23 130 218 -316
-323 385 492 484 338 493
-405 -342 -134 -147 12 -269
385 204 338 -191 -33 294
319 -421 81 -403 373 327
-104 162 -336 -14 51 205
16 -162 -288 481 21 -160
119 -352 275 -466 -128 179
113 207 -141 -134 500 472
-347 -281 28 424 338 -424
420 227 -128 -291 -200 -158
-360 -154 -181 314 485 -187
467 -106 -232 -321 326 409
-399 -143 -173 -105 -161 111
476 -175 134 -464 171 394
471 480 175 470 -188 154
-337 -210 382 53 115 117
-65 334 -339 -231 -167 483
-445 -397 141 -235 284 -172
172 -325 -47 -141 191 -218
-201 218 -221 -455 -382 174
-487 161 62 462 -492 -238
