10 18
-204 356 -349 369 1
381 -129 -70 340 2
-253 -210 470 213 4
-262 38 241 31 8
378 400 56 199 16
-321 458 480 403 32
-404 -217 90 182 64
-34 -304 -326 92 128
78 -7 411 41 256
328 -483 -420 107 512
-410 -189 -145 -291 -284 -122
-191 -193 119 122 -412 13
-213 -11 281 136 -77 220
279 458 219 252 235 -73
433 237 213 -170 402 33
-191 -385 -210 156 56 -271
259 228 -214 391 277 -235
-146 -193 232 120 -371 424
-55 135 -12 103 363 170
361 443 257 423 -497 71
-90 -128 224 60 200 170
-186 256 88 -368 -443 -375
290 374 360 1 -72 413
358 31 492 -134 -101 315
444 -334 -361 -377 -112 -179
-321 -8 -30 20 -240 330
120 -432 -469 422 -21 337
303 388 240 131 305 183
