14 25
-426 -87 262 313 1
250 390 -377 115 2
414 -440 -119 258 4
35 -189 478 160 8
-30 -134 -239 20 16
42 212 -69 124 32
-465 390 -377 437 64
336 365 405 122 128
44 194 -417 64 256
455 160 -175 11 512
344 268 -140 14 1024
281 -115 430 85 2048
15 -248 -319 45 4096
249 -287 89 21 8192
123 335 -29 -175 -441 363
320 9 -116 151 -411 -239
25 -189 107 491 247 -179
271 -407 115 57 271 486
173 479 14 6 -300 -215
-80 66 312 262 186 -343
137 -271 43 -188 -265 -311
-232 -439 -406 372 203 11
-215 171 150 38 361 49
103 213 -284 71 470 285
-332 278 281 122 -190 182
-69 -38 -106 -58 360 291
77 -400 377 -416 -323 -87
-342 300 405 247 -106 31
-480 -126 -395 -361 -411 359
-163 -51 -50 22 -430 418
235 -117 -378 88 -4 419
172 79 -238 320 -62 38
238 -6 -159 19 -430 336
-79 -355 54 472 157 351
229 209 214 425 -459 309
-427 -129 -160 -258 -188 -44
-265 392 39 160 -38 -39
389 -344 340 344 490 171
434 209 85 232 109 305
