9 24
459 -462 39 613 1
-394 236 -313 1 2
-196 188 457 138 4
-297 135 -297 22 8
-292 -471 -262 41 16
-358 -376 -1 170 32
-17 378 -161 156 64
41 70 234 58 128
-257 -105 220 147 256
15 428 68 -114 -383 -182
359 -45 -443 -422 94 -413
395 151 322 379 92 316
150 456 164 -385 41 -497
-421 133 -150 457 16 460
386 181 -450 -148 -298 167
-216 -254 -177 -219 112 140
173 408 319 -444 220 333
-252 -39 -147 38 -258 -431
-373 184 131 113 305 -217
-339 125 -54 -24 -377 454
-92 266 53 -500 303 39
411 454 496 354 263 -407
388 204 161 -178 -235 -55
-75 80 -144 481 348 -8
253 377 423 -198 -230 -352
-183 -226 -107 3 -402 460
-171 498 287 178 347 14
238 197 -406 -310 472 52
173 127 485 -16 -39 -341
146 180 -402 -263 185 -354
84 373 -297 -435 -91 131
-234 -21 -263 -123 -371 404
-407 -99 161 -250 369 242
