29 39
-416 -286 -194 152 1
209 496 -287 22 2
210 307 -226 39 4
376 160 -322 112 8
468 -471 443 93 16
-411 171 -265 91 32
293 -226 62 23 64
121 409 132 109 128
-419 -499 311 146 256
174 -115 226 79 512
447 -233 -72 72 1024
-255 -65 -412 122 2048
-484 187 164 40 4096
-98 -95 -90 12 8192
393 418 98 52 16384
139 -166 -36 145 32768
-284 188 195 101 65536
-358 -325 416 40 131072
398 -347 67 17 262144
-132 41 29 33 524288
-180 -301 98 78 1048576
-426 243 -494 67 2097152
483 308 -141 95 4194304
-313 443 -207 57 8388608
205 341 -77 7 16777216
108 -476 -296 127 33554432
239 -276 278 24 67108864
-105 -49 330 23 134217728
417 454 -476 137 268435456
76 232 -142 -248 364 358
-43 444 26 -315 -220 220
-230 393 -248 133 -325 8
-356 160 323 -280 140 -235
366 -333 -227 368 362 -377
36 204 -216 -318 -218 297
378 459 313 -366 145 -182
-292 -109 211 -49 121 252
-202 -267 376 453 -284 255
-222 244 -89 275 414 92
-29 -121 419 347 -236 -305
-396 361 141 -95 -237 -397
-325 -193 413 -349 274 -453
164 -244 -222 1 373 264
101 -267 150 -41 22 -239
-432 -474 -145 -40 348 -282
244 335 -273 98 -236 315
51 -377 -230 13 -487 256
119 189 36 -423 -322 -489
96 376 -444 175 -408 227
345 -443 -241 -442 5 27
256 72 336 122 323 12
390 -80 442 8 389 -305
354 499 -341 103 50 -379
-295 -185 137 -129 -377 88
-305 -13 -118 -425 435 352
-87 -325 -238 94 293 -178
217 452 -476 412 98 -433
24 51 338 -50 -228 116
-12 103 81 195 63 -478
422 42 323 373 -170 482
-482 17 -383 459 167 -75
-452 -310 323 -194 -44 97
434 -154 -13 98 317 76
-255 360 335 217 366 -266
-248 -133 179 397 46 -206
-272 -45 384 435 -427 -86
-481 -276 19 244 -249 -361
-466 20 209 -331 -102 43
