18 37
227 -230 191 85 1
-261 -483 347 177 2
-43 475 234 139 4
-167 -75 12 132 8
441 -333 334 54 16
275 71 -258 263 32
-306 17 -255 38 64
-488 201 163 158 128
-118 -226 -373 160 256
98 -158 397 52 512
406 -433 298 9 1024
443 127 500 215 2048
-50 71 -425 17 4096
-260 447 344 10 8192
-180 160 345 127 16384
-455 -49 155 8 32768
-242 -160 438 2 65536
275 -350 -186 132 131072
462 -329 -28 -470 405 126
-337 368 343 -418 -107 345
478 -90 -345 -233 10 -151
-364 432 -20 12 -154 -190
-277 -174 264 -253 98 51
199 -289 -75 -61 -7 372
92 -398 -289 -396 279 320
-315 405 130 -21 -461 -230
469 46 119 230 -97 153
82 342 -336 454 -495 329
-412 -343 457 385 101 58
-67 372 329 473 494 -444
-100 242 11 -462 275 -437
-157 325 446 -386 -99 23
-29 225 303 -41 -122 75
481 -409 -462 -389 105 -51
-363 -32 -48 90 -463 -419
236 389 83 -4 331 -239
303 -252 133 333 -189 -356
98 283 324 -309 264 -170
366 -250 -35 147 486 305
-64 348 150 491 -275 474
333 -221 -460 22 -498 -269
57 2 282 469 -203 -294
-139 248 -420 -301 -311 -322
167 -233 406 -407 -416 167
270 245 -39 -396 -131 76
-296 380 282 -99 54 453
328 -77 14 -442 -236 -384
-233 454 3 -240 351 -122
-6 -133 -306 -108 409 -448
-77 147 -167 204 489 38
-39 217 360 -5 -388 113
-274 236 107 -54 88 22
-437 36 74 425 -54 95
-351 -61 313 212 -457 -80
-29 418 -293 -461 -487 19
