15 36
247 241 -468 304 1
90 98 343 254 2
266 -456 -134 153 4
-382 401 149 78 8
407 -103 276 81 16
-217 -469 20 121 32
64 -370 180 84 64
284 -444 80 9 128
-428 -223 -33 177 256
-249 -19 -282 121 512
-347 163 38 81 1024
-17 417 95 152 2048
-258 430 354 24 4096
-478 312 -112 54 8192
237 455 313 44 16384
79 -354 407 20 -337 354
493 110 492 294 -449 382
348 -39 -274 -299 -399 -101
150 -60 -293 352 -182 116
-226 246 -39 -373 142 -63
385 238 37 104 285 -60
-240 -299 -294 231 -408 32
-158 242 356 50 -184 29
-225 97 -155 336 -105 123
230 28 -196 162 101 24
-470 222 273 481 -27 -44
145 -467 321 11 58 80
223 -479 304 82 -158 70
434 -244 139 236 179 -39
-117 -199 266 -299 229 453
45 -317 306 -476 364 242
-181 -215 228 -104 -164 -489
-182 395 74 -249 193 -11
179 -19 48 -483 -10 -137
388 -198 -382 471 -312 -147
-223 401 -211 -7 -42 -98
403 -373 332 -126 253 -235
-423 -114 -486 215 244 61
-424 84 500 38 -270 85
348 349 314 -323 -401 -307
-250 244 -472 -217 128 53
326 93 -111 108 325 -148
-419 61 -481 401 -426 -272
-325 222 -369 -403 -426 -353
406 -320 -253 463 -155 217
-378 479 409 -39 58 12
142 -391 491 62 -136 178
33 -495 60 -371 272 60
216 -161 370 -339 -51 -496
-419 -347 -371 130 -172 37
20 64 53 -74 334 -154
