11 19
-461 496 450 121 1
137 123 143 405 2
-302 -61 -408 32 4
-463 246 167 95 8
232 402 -493 278 16
-401 189 -352 203 32
384 -190 -364 180 64
-413 -475 446 306 128
-423 28 280 152 256
-191 494 -469 67 512
-68 -145 -250 88 1024
-353 -489 -74 -172 441 -144
-9 324 -304 -230 40 -379
188 -257 -393 -210 401 280
-369 -74 -212 13 312 -327
-300 316 244 -202 429 329
227 -454 -223 182 -439 -448
-92 -269 473 -115 -436 39
-223 22 -300 -390 419 -441
99 -451 -90 -151 -265 -152
-393 202 10 -366 180 -61
-240 459 273 -139 292 -277
-136 -417 -197 -407 -60 -145
28 494 -177 453 254 -197
-484 82 116 -242 -435 89
-145 -24 -499 479 364 243
-14 -270 128 27 -146 -234
259 -44 -459 280 -470 -495
490 323 -128 368 -281 493
-153 -459 236 -413 377 -78
