8 16
-135 -171 -372 564 1
-436 266 241 98 2
315 408 77 285 4
283 -195 330 150 8
-103 -178 379 3 16
-71 478 -122 47 32
92 462 383 11 64
-435 -472 383 22 128
88 -340 385 444 -3 -484
-401 192 499 -441 125 487
-281 382 -256 -500 6 275
187 -152 202 262 97 381
-432 421 -394 -346 208 257
-309 53 137 478 -139 477
-19 -35 388 257 309 375
-79 455 -280 -11 83 410
198 -67 456 -265 404 -473
256 194 -159 355 -499 339
64 281 489 -169 -72 273
-199 -307 394 377 42 -197
-499 58 122 272 181 429
-319 -349 215 462 -446 140
-313 60 330 -452 330 -348
39 -170 251 282 -330 59
