40 42
-269 251 -210 72 1
-417 455 -246 21 2
267 -250 326 68 4
241 307 -39 145 8
341 -456 477 171 16
-403 111 -138 109 32
-63 264 -376 61 64
475 -168 6 115 128
429 335 364 56 256
431 200 481 100 512
-500 -5 340 18 1024
-213 418 413 41 2048
36 -78 37 11 4096
-225 410 227 90 8192
-45 71 296 90 16384
495 -386 69 8 32768
149 -91 319 97 65536
500 434 22 79 131072
-88 426 311 40 262144
-278 358 83 33 524288
80 -332 -473 126 1048576
-355 -472 -462 118 2097152
267 -225 70 27 4194304
-72 145 487 29 8388608
463 -237 160 9 16777216
241 243 437 32 33554432
365 478 252 85 67108864
-88 -294 325 25 134217728
-318 -460 0 112 268435456
-99 -318 -377 10 536870912
-97 -39 -273 41 1073741824
-385 -102 224 55 2147483648
-115 272 186 23 4294967296
-208 69 455 55 8589934592
489 -196 -230 85 17179869184
-89 19 390 22 34359738368
-349 -251 -145 119 68719476736
237 33 -341 125 137438953472
-8 -387 494 154 274877906944
-305 -66 367 87 549755813888
-107 -52 -163 198 -143 26
-463 422 -388 -374 307 -57
418 -270 207 -199 170 211
18 -498 76 237 97 -194
-329 455 -198 -165 160 -282
-346 -66 2 123 125 -287
-73 -170 101 -419 149 361
223 -315 -139 4 393 -451
219 -142 110 119 -281 -123
-431 266 123 351 -472 194
117 -208 464 -94 180 -325
14 -47 52 410 -259 239
468 299 -157 -180 -354 -346
21 -210 -91 -249 -188 35
-63 -468 -58 365 158 -239
-110 417 219 -103 56 21
-222 24 383 -184 -342 -215
-107 -209 -290 -459 -283 -238
-120 153 -479 -416 93 -482
-290 -185 181 -169 -140 384
435 -296 -297 -83 149 -440
96 -32 29 402 -342 -184
-487 -30 168 189 -241 -11
-262 266 -44 497 -472 -160
316 76 96 407 434 -135
19 269 -407 -395 159 -480
171 -327 326 328 -89 207
-481 425 209 445 -189 407
-64 348 -500 357 490 354
-495 376 -440 478 -419 5
300 32 473 355 47 247
200 121 398 32 272 -486
-224 451 443 117 320 453
-380 -186 -327 17 -188 462
-257 408 -282 -189 127 299
-152 -178 -95 340 449 401
241 -212 467 -493 185 216
-399 -78 -476 -323 -131 -400
36 303 -238 -28 -477 318
-226 89 -319 355 -181 -443
402 13 -425 -179 14 -284
67 290 224 458 -342 373
