30 38
492 106 251 115 1
180 23 -370 89 2
-85 494 374 92 4
257 -201 470 12 8
157 -271 -290 137 16
-384 -273 -410 23 32
-87 177 -225 151 64
-344 155 193 5 128
266 461 -104 161 256
-480 -208 -246 151 512
382 -121 -477 169 1024
-296 -184 432 181 2048
304 -31 -176 19 4096
-358 -491 244 61 8192
-11 -183 -16 186 16384
486 -351 -222 127 32768
210 499 482 70 65536
494 -413 480 105 131072
-372 146 23 80 262144
-19 -452 435 162 524288
-79 -452 -309 42 1048576
251 -216 308 28 2097152
-190 96 8 13 4194304
152 147 -334 28 8388608
457 414 405 58 16777216
-490 257 492 163 33554432
-265 -354 -371 33 67108864
70 -78 391 21 134217728
-109 -106 -217 28 268435456
477 449 23 76 536870912
-64 -80 -256 166 -361 -45
147 -92 -267 142 411 -437
-81 -499 -344 25 300 417
-66 -420 8 -29 -450 94
185 220 -385 459 447 -242
-394 142 -141 382 -147 90
121 -209 321 299 254 275
306 44 430 -363 -326 -252
-21 352 -143 330 182 404
-310 -38 -416 -291 -134 -339
395 357 316 -33 31 -356
479 271 346 -189 462 -63
468 348 381 358 322 -30
-277 -420 472 -32 427 -187
-196 -357 317 366 142 -279
385 235 -328 154 -333 -466
361 -2 223 370 94 197
145 31 -128 -215 -217 142
-305 -119 110 331 -330 -163
269 225 -95 -399 451 -350
-178 -320 -165 249 189 -435
-323 79 462 -295 -22 -321
305 -422 328 388 144 -408
462 221 -115 -338 -425 -461
-386 -364 -410 220 -377 -26
173 -94 -28 -287 143 184
491 -484 96 91 -421 278
135 -389 -72 -341 434 38
-273 -128 -186 -480 -414 118
-476 -182 336 95 363 -178
462 -56 -222 123 -345 369
-379 -35 -489 -201 -135 80
434 308 280 347 -487 -81
-110 193 89 366 500 246
-347 -314 151 325 144 -61
195 -93 -422 -266 132 -42
165 -201 276 123 299 19
-121 55 485 448 74 -324
