5 17
452 112 -134 584 1
-299 -42 316 132 2
-308 99 79 53 4
219 -314 380 48 8
-109 47 321 71 16
-436 213 -185 -358 -151 412
-465 -376 -369 -426 -257 380
-342 -434 -49 -288 -18 -143
-144 435 80 -7 -410 -82
-246 -351 -248 -495 432 -388
-209 -464 452 -462 286 468
176 -500 -166 241 447 474
478 141 456 -335 364 334
22 -405 -64 -298 496 205
-79 -332 -240 -9 -337 -12
-274 341 112 -182 -1 -111
168 -297 405 -498 -217 226
29 -303 395 174 -418 26
-18 474 112 -95 -407 193
121 463 202 -391 -403 0
-59 -94 -448 -199 345 -39
243 299 386 -394 -202 433
