27 50
-332 -332 -332 166 9999999999999999
-332 -332 0 166 9999999999999998
-332 -332 332 166 9999999999999996
-332 0 -332 166 9999999999999992
-332 0 0 166 9999999999999984
-332 0 332 166 9999999999999968
-332 332 -332 166 9999999999999936
-332 332 0 166 9999999999999872
-332 332 332 166 9999999999999744
0 -332 -332 166 9999999999999488
0 -332 0 166 9999999999998976
0 -332 332 166 9999999999997952
0 0 -332 166 9999999999995904
0 0 0 166 9999999999991808
0 0 332 166 9999999999983616
0 332 -332 166 9999999999967232
0 332 0 166 9999999999934464
0 332 332 166 9999999999868928
332 -332 -332 166 9999999999737856
332 -332 0 166 9999999999475712
332 -332 332 166 9999999998951424
332 0 -332 166 9999999997902848
332 0 0 166 9999999995805696
332 0 332 166 9999999991611392
332 332 -332 166 9999999983222784
332 332 0 166 9999999966445568
332 332 332 166 9999999932891136
166 -166 166 -498 166 -498
498 166 166 -498 498 -498
-166 498 -166 -166 -166 -166
-498 166 -166 166 -166 -166
166 498 -166 -498 498 166
498 -498 166 498 -166 -498
498 -166 -166 498 -166 -498
-166 -498 -166 166 -166 -498
-166 166 -166 498 166 -498
166 -498 166 498 166 -166
166 -498 -498 166 -166 -498
-166 -166 -498 -498 498 166
498 166 -498 498 498 -498
498 -498 166 498 166 498
498 -498 -166 -498 -498 166
166 166 -498 -166 -166 -166
-166 -498 166 -498 166 166
-166 166 166 166 -498 -166
-166 166 166 166 498 -166
-498 -166 498 166 -166 498
166 -166 166 -166 166 498
498 498 166 -166 498 -166
166 498 166 498 166 -166
-498 498 166 -166 498 166
498 498 -498 166 498 498
166 -166 -166 498 166 166
-166 -498 166 166 166 -166
166 498 166 498 -498 -166
166 498 498 -498 -498 -166
498 -166 498 166 498 -166
-166 -166 -498 166 166 -166
166 -498 498 -166 166 -498
-166 -166 498 166 166 -166
498 -498 498 498 166 -498
-166 -498 -498 166 -166 -166
498 166 -498 -166 -166 -498
166 166 166 -166 -166 -166
-498 498 -498 -498 -166 -166
498 166 166 -166 -498 166
498 -498 -498 166 -166 -166
498 498 -498 -498 -166 -498
166 -498 498 498 -498 -166
166 -166 -498 -498 498 -166
166 -498 498 498 -166 -498
498 -166 498 -166 166 166
-166 498 -166 -498 -498 -166
-498 -498 498 166 498 166
-498 -166 498 -498 -166 -166
-166 -498 166 -166 498 -498
-166 498 498 498 166 166
