19999999999991800
39999999966347200
0
0
0
0
0
9999999999999488
0
19999999995281408
0
19999999999999864
0
0
9999999999998976
9999999999995904
0
19999999999990784
9999999999934464
0
9999999999983616
0
9999999966445568
0
9999999966445568
9999999995805696
19999999999990784
29999999961726976
19999999999868926
19999999958056960
9999999999995904
39999999999984640
19999999999975424
0
9999999999999488
0
9999999999991808
0
39999999987414016
9999999999737856
0
0
19999999999995840
29999999998164992
19999999991595008
19999999999999976
39999999999852508
0
0
19999999932760064
